Linux 6.1.141 (king) 	08/20/2026 	_aarch64_	(8 CPU)

01:11:18 PM  CPU    %usr   %nice    %sys %iowait    %irq   %soft  %steal  %guest  %gnice   %idle
01:11:19 PM  all   22.61    0.00   15.25    0.00    0.00    8.27    0.00    0.00    0.00   53.88
01:11:19 PM    0    5.15    0.00    6.19    0.00    0.00   65.98    0.00    0.00    0.00   22.68
01:11:19 PM    1   28.71    0.00   14.85    0.00    0.00    0.00    0.00    0.00    0.00   56.44
01:11:19 PM    2   23.16    0.00   13.68    0.00    0.00    0.00    0.00    0.00    0.00   63.16
01:11:19 PM    3   25.77    0.00   14.43    0.00    0.00    0.00    0.00    0.00    0.00   59.79
01:11:19 PM    4   29.47    0.00   17.89    0.00    0.00    0.00    0.00    0.00    0.00   52.63
01:11:19 PM    5   21.28    0.00   18.09    0.00    0.00    0.00    0.00    0.00    0.00   60.64
01:11:19 PM    6   24.74    0.00   19.59    0.00    0.00    0.00    0.00    0.00    0.00   55.67
01:11:19 PM    7   22.45    0.00   17.35    0.00    0.00    0.00    0.00    0.00    0.00   60.20

01:11:19 PM  CPU    %usr   %nice    %sys %iowait    %irq   %soft  %steal  %guest  %gnice   %idle
01:11:20 PM  all   25.06    0.00   18.22    0.00    0.00    8.40    0.00    0.00    0.00   48.32
01:11:20 PM    0    6.19    0.00    5.15    0.00    0.00   67.01    0.00    0.00    0.00   21.65
01:11:20 PM    1   20.62    0.00    9.28    0.00    0.00    0.00    0.00    0.00    0.00   70.10
01:11:20 PM    2   17.35    0.00   11.22    0.00    0.00    0.00    0.00    0.00    0.00   71.43
01:11:20 PM    3   25.51    0.00   12.24    0.00    0.00    0.00    0.00    0.00    0.00   62.24
01:11:20 PM    4   32.32    0.00   30.30    0.00    0.00    0.00    0.00    0.00    0.00   37.37
01:11:20 PM    5   36.84    0.00   21.05    0.00    0.00    0.00    0.00    0.00    0.00   42.11
01:11:20 PM    6   30.53    0.00   29.47    0.00    0.00    0.00    0.00    0.00    0.00   40.00
01:11:20 PM    7   31.58    0.00   27.37    0.00    0.00    0.00    0.00    0.00    0.00   41.05

01:11:20 PM  CPU    %usr   %nice    %sys %iowait    %irq   %soft  %steal  %guest  %gnice   %idle
01:11:21 PM  all   24.45    0.00   18.76    0.00    0.00    8.28    0.00    0.00    0.00   48.51
01:11:21 PM    0    5.26    0.00    7.37    0.00    0.00   67.37    0.00    0.00    0.00   20.00
01:11:21 PM    1   21.05    0.00   14.74    0.00    0.00    0.00    0.00    0.00    0.00   64.21
01:11:21 PM    2   26.00    0.00   18.00    0.00    0.00    0.00    0.00    0.00    0.00   56.00
01:11:21 PM    3   25.26    0.00   11.58    0.00    0.00    0.00    0.00    0.00    0.00   63.16
01:11:21 PM    4   29.90    0.00   29.90    0.00    0.00    0.00    0.00    0.00    0.00   40.21
01:11:21 PM    5   31.31    0.00   23.23    0.00    0.00    0.00    0.00    0.00    0.00   45.45
01:11:21 PM    6   30.61    0.00   22.45    0.00    0.00    0.00    0.00    0.00    0.00   46.94
01:11:21 PM    7   25.53    0.00   22.34    0.00    0.00    0.00    0.00    0.00    0.00   52.13

01:11:21 PM  CPU    %usr   %nice    %sys %iowait    %irq   %soft  %steal  %guest  %gnice   %idle
01:11:22 PM  all   27.33    0.00   20.85    0.00    0.00    8.55    0.00    0.00    0.00   43.26
01:11:22 PM    0    5.21    0.00    5.21    0.00    0.00   68.75    0.00    0.00    0.00   20.83
01:11:22 PM    1   23.00    0.00   10.00    0.00    0.00    0.00    0.00    0.00    0.00   67.00
01:11:22 PM    2   13.27    0.00    9.18    0.00    0.00    0.00    0.00    0.00    0.00   77.55
01:11:22 PM    3   12.37    0.00    4.12    0.00    0.00    0.00    0.00    0.00    0.00   83.51
01:11:22 PM    4   46.46    0.00   30.30    0.00    0.00    0.00    0.00    0.00    0.00   23.23
01:11:22 PM    5   43.16    0.00   34.74    0.00    0.00    0.00    0.00    0.00    0.00   22.11
01:11:22 PM    6   42.39    0.00   32.61    0.00    0.00    0.00    0.00    0.00    0.00   25.00
01:11:22 PM    7   33.68    0.00   42.11    0.00    0.00    0.00    0.00    0.00    0.00   24.21

01:11:22 PM  CPU    %usr   %nice    %sys %iowait    %irq   %soft  %steal  %guest  %gnice   %idle
01:11:23 PM  all   25.45    0.00   17.39    0.00    0.00    8.31    0.00    0.00    0.00   48.85
01:11:23 PM    0    9.09    0.00    4.04    0.00    0.00   65.66    0.00    0.00    0.00   21.21
01:11:23 PM    1   22.11    0.00   11.58    0.00    0.00    0.00    0.00    0.00    0.00   66.32
01:11:23 PM    2   20.83    0.00   10.42    0.00    0.00    0.00    0.00    0.00    0.00   68.75
01:11:23 PM    3   21.65    0.00    7.22    0.00    0.00    0.00    0.00    0.00    0.00   71.13
01:11:23 PM    4   32.65    0.00   30.61    0.00    0.00    0.00    0.00    0.00    0.00   36.73
01:11:23 PM    5   33.65    0.00   25.96    0.00    0.00    0.00    0.00    0.00    0.00   40.38
01:11:23 PM    6   29.47    0.00   25.26    0.00    0.00    0.00    0.00    0.00    0.00   45.26
01:11:23 PM    7   33.67    0.00   23.47    0.00    0.00    0.00    0.00    0.00    0.00   42.86

01:11:23 PM  CPU    %usr   %nice    %sys %iowait    %irq   %soft  %steal  %guest  %gnice   %idle
01:11:24 PM  all   25.36    0.00   16.73    0.00    0.00    8.24    0.00    0.00    0.00   49.67
01:11:24 PM    0    4.08    0.00    9.18    0.00    0.00   64.29    0.00    0.00    0.00   22.45
01:11:24 PM    1   25.00    0.00   10.42    0.00    0.00    0.00    0.00    0.00    0.00   64.58
01:11:24 PM    2   16.33    0.00    6.12    0.00    0.00    0.00    0.00    0.00    0.00   77.55
01:11:24 PM    3   23.96    0.00    9.38    0.00    0.00    0.00    0.00    0.00    0.00   66.67
01:11:24 PM    4   35.11    0.00   26.60    0.00    0.00    0.00    0.00    0.00    0.00   38.30
01:11:24 PM    5   37.89    0.00   20.00    0.00    0.00    0.00    0.00    0.00    0.00   42.11
01:11:24 PM    6   28.42    0.00   30.53    0.00    0.00    0.00    0.00    0.00    0.00   41.05
01:11:24 PM    7   33.33    0.00   22.58    0.00    0.00    0.00    0.00    0.00    0.00   44.09

01:11:24 PM  CPU    %usr   %nice    %sys %iowait    %irq   %soft  %steal  %guest  %gnice   %idle
01:11:25 PM  all   25.32    0.00   18.35    0.00    0.00    9.04    0.00    0.00    0.00   47.29
01:11:25 PM    0    3.03    0.00    8.08    0.00    0.00   70.71    0.00    0.00    0.00   18.18
01:11:25 PM    1   26.53    0.00   12.24    0.00    0.00    0.00    0.00    0.00    0.00   61.22
01:11:25 PM    2   29.59    0.00   13.27    0.00    0.00    0.00    0.00    0.00    0.00   57.14
01:11:25 PM    3   26.26    0.00   14.14    0.00    0.00    0.00    0.00    0.00    0.00   59.60
01:11:25 PM    4   27.66    0.00   27.66    0.00    0.00    0.00    0.00    0.00    0.00   44.68
01:11:25 PM    5   25.77    0.00   26.80    0.00    0.00    0.00    0.00    0.00    0.00   47.42
01:11:25 PM    6   30.53    0.00   24.21    0.00    0.00    0.00    0.00    0.00    0.00   45.26
01:11:25 PM    7   34.04    0.00   21.28    0.00    0.00    0.00    0.00    0.00    0.00   44.68

01:11:25 PM  CPU    %usr   %nice    %sys %iowait    %irq   %soft  %steal  %guest  %gnice   %idle
01:11:26 PM  all   25.55    0.00   16.99    0.00    0.00    9.21    0.00    0.00    0.00   48.25
01:11:26 PM    0    3.00    0.00    4.00    0.00    0.00   71.00    0.00    0.00    0.00   22.00
01:11:26 PM    1   28.57    0.00   16.33    0.00    0.00    0.00    0.00    0.00    0.00   55.10
01:11:26 PM    2   26.53    0.00   13.27    0.00    0.00    0.00    0.00    0.00    0.00   60.20
01:11:26 PM    3   28.42    0.00    9.47    0.00    0.00    0.00    0.00    0.00    0.00   62.11
01:11:26 PM    4   31.87    0.00   20.88    0.00    0.00    0.00    0.00    0.00    0.00   47.25
01:11:26 PM    5   28.12    0.00   26.04    0.00    0.00    0.00    0.00    0.00    0.00   45.83
01:11:26 PM    6   30.30    0.00   23.23    0.00    0.00    0.00    0.00    0.00    0.00   46.46
01:11:26 PM    7   28.72    0.00   23.40    0.00    0.00    0.00    0.00    0.00    0.00   47.87

01:11:26 PM  CPU    %usr   %nice    %sys %iowait    %irq   %soft  %steal  %guest  %gnice   %idle
01:11:27 PM  all   23.52    0.00   17.48    0.00    0.00    8.35    0.00    0.00    0.00   50.64
01:11:27 PM    0    6.06    0.00    8.08    0.00    0.00   65.66    0.00    0.00    0.00   20.20
01:11:27 PM    1   23.00    0.00   14.00    0.00    0.00    0.00    0.00    0.00    0.00   63.00
01:11:27 PM    2   26.26    0.00   10.10    0.00    0.00    0.00    0.00    0.00    0.00   63.64
01:11:27 PM    3   25.51    0.00   13.27    0.00    0.00    0.00    0.00    0.00    0.00   61.22
01:11:27 PM    4   27.66    0.00   24.47    0.00    0.00    0.00    0.00    0.00    0.00   47.87
01:11:27 PM    5   26.60    0.00   24.47    0.00    0.00    0.00    0.00    0.00    0.00   48.94
01:11:27 PM    6   29.17    0.00   21.88    0.00    0.00    0.00    0.00    0.00    0.00   48.96
01:11:27 PM    7   24.49    0.00   24.49    0.00    0.00    0.00    0.00    0.00    0.00   51.02

01:11:27 PM  CPU    %usr   %nice    %sys %iowait    %irq   %soft  %steal  %guest  %gnice   %idle
01:11:28 PM  all   26.79    0.00   18.72    0.00    0.00    9.36    0.00    0.00    0.00   45.13
01:11:28 PM    0    3.00    0.00    6.00    0.00    0.00   73.00    0.00    0.00    0.00   18.00
01:11:28 PM    1   31.31    0.00   17.17    0.00    0.00    0.00    0.00    0.00    0.00   51.52
01:11:28 PM    2   30.00    0.00   15.00    0.00    0.00    0.00    0.00    0.00    0.00   55.00
01:11:28 PM    3   35.05    0.00   17.53    0.00    0.00    0.00    0.00    0.00    0.00   47.42
01:11:28 PM    4   30.61    0.00   26.53    0.00    0.00    0.00    0.00    0.00    0.00   42.86
01:11:28 PM    5   29.47    0.00   22.11    0.00    0.00    0.00    0.00    0.00    0.00   48.42
01:11:28 PM    6   27.37    0.00   23.16    0.00    0.00    0.00    0.00    0.00    0.00   49.47
01:11:28 PM    7   28.12    0.00   22.92    0.00    0.00    0.00    0.00    0.00    0.00   48.96

01:11:28 PM  CPU    %usr   %nice    %sys %iowait    %irq   %soft  %steal  %guest  %gnice   %idle
01:11:29 PM  all   25.33    0.00   17.59    0.00    0.00    9.19    0.00    0.00    0.00   47.90
01:11:29 PM    0    4.12    0.00    3.09    0.00    0.00   72.16    0.00    0.00    0.00   20.62
01:11:29 PM    1   22.11    0.00   15.79    0.00    0.00    0.00    0.00    0.00    0.00   62.11
01:11:29 PM    2   27.27    0.00   15.15    0.00    0.00    0.00    0.00    0.00    0.00   57.58
01:11:29 PM    3   24.21    0.00   12.63    0.00    0.00    0.00    0.00    0.00    0.00   63.16
01:11:29 PM    4   32.29    0.00   28.12    0.00    0.00    0.00    0.00    0.00    0.00   39.58
01:11:29 PM    5   29.79    0.00   23.40    0.00    0.00    0.00    0.00    0.00    0.00   46.81
01:11:29 PM    6   31.91    0.00   25.53    0.00    0.00    0.00    0.00    0.00    0.00   42.55
01:11:29 PM    7   31.52    0.00   17.39    0.00    0.00    0.00    0.00    0.00    0.00   51.09

01:11:29 PM  CPU    %usr   %nice    %sys %iowait    %irq   %soft  %steal  %guest  %gnice   %idle
01:11:30 PM  all   23.00    0.00   16.28    0.00    0.00    8.40    0.00    0.00    0.00   52.33
01:11:30 PM    0    6.93    0.00    6.93    0.00    0.00   64.36    0.00    0.00    0.00   21.78
01:11:30 PM    1   29.59    0.00   15.31    0.00    0.00    0.00    0.00    0.00    0.00   55.10
01:11:30 PM    2   26.80    0.00   13.40    0.00    0.00    0.00    0.00    0.00    0.00   59.79
01:11:30 PM    3   26.53    0.00   17.35    0.00    0.00    0.00    0.00    0.00    0.00   56.12
01:11:30 PM    4   24.21    0.00   22.11    0.00    0.00    0.00    0.00    0.00    0.00   53.68
01:11:30 PM    5   24.49    0.00   21.43    0.00    0.00    0.00    0.00    0.00    0.00   54.08
01:11:30 PM    6   23.40    0.00   15.96    0.00    0.00    0.00    0.00    0.00    0.00   60.64
01:11:30 PM    7   22.58    0.00   18.28    0.00    0.00    0.00    0.00    0.00    0.00   59.14

01:11:30 PM  CPU    %usr   %nice    %sys %iowait    %irq   %soft  %steal  %guest  %gnice   %idle
01:11:31 PM  all   23.84    0.00   17.53    0.00    0.00    8.25    0.00    0.00    0.00   50.39
01:11:31 PM    0    5.21    0.00    5.21    0.00    0.00   66.67    0.00    0.00    0.00   22.92
01:11:31 PM    1   29.17    0.00   15.62    0.00    0.00    0.00    0.00    0.00    0.00   55.21
01:11:31 PM    2   25.77    0.00   16.49    0.00    0.00    0.00    0.00    0.00    0.00   57.73
01:11:31 PM    3   32.63    0.00   11.58    0.00    0.00    0.00    0.00    0.00    0.00   55.79
01:11:31 PM    4   25.53    0.00   21.28    0.00    0.00    0.00    0.00    0.00    0.00   53.19
01:11:31 PM    5   24.24    0.00   24.24    0.00    0.00    0.00    0.00    0.00    0.00   51.52
01:11:31 PM    6   23.23    0.00   22.22    0.00    0.00    0.00    0.00    0.00    0.00   54.55
01:11:31 PM    7   25.00    0.00   23.00    0.00    0.00    0.00    0.00    0.00    0.00   52.00

01:11:31 PM  CPU    %usr   %nice    %sys %iowait    %irq   %soft  %steal  %guest  %gnice   %idle
01:11:32 PM  all   24.42    0.00   15.89    0.00    0.00    9.04    0.00    0.00    0.00   50.65
01:11:32 PM    0    6.00    0.00    5.00    0.00    0.00   70.00    0.00    0.00    0.00   19.00
01:11:32 PM    1   25.77    0.00   15.46    0.00    0.00    0.00    0.00    0.00    0.00   58.76
01:11:32 PM    2   21.05    0.00    8.42    0.00    0.00    0.00    0.00    0.00    0.00   70.53
01:11:32 PM    3   27.84    0.00   11.34    0.00    0.00    0.00    0.00    0.00    0.00   60.82
01:11:32 PM    4   33.67    0.00   23.47    0.00    0.00    0.00    0.00    0.00    0.00   42.86
01:11:32 PM    5   28.72    0.00   23.40    0.00    0.00    0.00    0.00    0.00    0.00   47.87
01:11:32 PM    6   29.90    0.00   18.56    0.00    0.00    0.00    0.00    0.00    0.00   51.55
01:11:32 PM    7   22.92    0.00   21.88    0.00    0.00    0.00    0.00    0.00    0.00   55.21

01:11:32 PM  CPU    %usr   %nice    %sys %iowait    %irq   %soft  %steal  %guest  %gnice   %idle
01:11:33 PM  all   25.10    0.00   18.89    0.00    0.00    8.54    0.00    0.00    0.00   47.48
01:11:33 PM    0    6.19    0.00    4.12    0.00    0.00   68.04    0.00    0.00    0.00   21.65
01:11:33 PM    1   17.89    0.00    9.47    0.00    0.00    0.00    0.00    0.00    0.00   72.63
01:11:33 PM    2   20.62    0.00   10.31    0.00    0.00    0.00    0.00    0.00    0.00   69.07
01:11:33 PM    3   24.24    0.00   10.10    0.00    0.00    0.00    0.00    0.00    0.00   65.66
01:11:33 PM    4   31.58    0.00   30.53    0.00    0.00    0.00    0.00    0.00    0.00   37.89
01:11:33 PM    5   34.02    0.00   30.93    0.00    0.00    0.00    0.00    0.00    0.00   35.05
01:11:33 PM    6   35.79    0.00   24.21    0.00    0.00    0.00    0.00    0.00    0.00   40.00
01:11:33 PM    7   30.61    0.00   31.63    0.00    0.00    0.00    0.00    0.00    0.00   37.76

01:11:33 PM  CPU    %usr   %nice    %sys %iowait    %irq   %soft  %steal  %guest  %gnice   %idle
01:11:34 PM  all   25.42    0.00   18.45    0.00    0.00    9.29    0.00    0.00    0.00   46.84
01:11:34 PM    0    2.02    0.00    6.06    0.00    0.00   72.73    0.00    0.00    0.00   19.19
01:11:34 PM    1   21.65    0.00   14.43    0.00    0.00    0.00    0.00    0.00    0.00   63.92
01:11:34 PM    2   19.35    0.00   10.75    0.00    0.00    0.00    0.00    0.00    0.00   69.89
01:11:34 PM    3   28.57    0.00   10.20    0.00    0.00    0.00    0.00    0.00    0.00   61.22
01:11:34 PM    4   36.00    0.00   29.00    0.00    0.00    0.00    0.00    0.00    0.00   35.00
01:11:34 PM    5   34.34    0.00   29.29    0.00    0.00    0.00    0.00    0.00    0.00   36.36
01:11:34 PM    6   28.72    0.00   23.40    0.00    0.00    0.00    0.00    0.00    0.00   47.87
01:11:34 PM    7   32.63    0.00   24.21    0.00    0.00    0.00    0.00    0.00    0.00   43.16

01:11:34 PM  CPU    %usr   %nice    %sys %iowait    %irq   %soft  %steal  %guest  %gnice   %idle
01:11:35 PM  all   22.97    0.00   17.55    0.00    0.00    8.77    0.00    0.00    0.00   50.71
01:11:35 PM    0    4.95    0.00    2.97    0.00    0.00   67.33    0.00    0.00    0.00   24.75
01:11:35 PM    1   16.49    0.00   13.40    0.00    0.00    0.00    0.00    0.00    0.00   70.10
01:11:35 PM    2   20.83    0.00   12.50    0.00    0.00    0.00    0.00    0.00    0.00   66.67
01:11:35 PM    3   25.77    0.00   13.40    0.00    0.00    0.00    0.00    0.00    0.00   60.82
01:11:35 PM    4   29.17    0.00   23.96    0.00    0.00    0.00    0.00    0.00    0.00   46.88
01:11:35 PM    5   28.42    0.00   26.32    0.00    0.00    0.00    0.00    0.00    0.00   45.26
01:11:35 PM    6   27.08    0.00   27.08    0.00    0.00    0.00    0.00    0.00    0.00   45.83
01:11:35 PM    7   31.96    0.00   21.65    0.00    0.00    0.00    0.00    0.00    0.00   46.39

01:11:35 PM  CPU    %usr   %nice    %sys %iowait    %irq   %soft  %steal  %guest  %gnice   %idle
01:11:36 PM  all   21.78    0.00   16.94    0.00    0.00    8.28    0.00    0.00    0.00   52.99
01:11:36 PM    0    4.04    0.00    6.06    0.00    0.00   65.66    0.00    0.00    0.00   24.24
01:11:36 PM    1   26.32    0.00   16.84    0.00    0.00    0.00    0.00    0.00    0.00   56.84
01:11:36 PM    2   27.00    0.00   20.00    0.00    0.00    0.00    0.00    0.00    0.00   53.00
01:11:36 PM    3   27.55    0.00   16.33    0.00    0.00    0.00    0.00    0.00    0.00   56.12
01:11:36 PM    4   23.30    0.00   21.36    0.00    0.00    0.00    0.00    0.00    0.00   55.34
01:11:36 PM    5   22.22    0.00   19.19    0.00    0.00    0.00    0.00    0.00    0.00   58.59
01:11:36 PM    6   22.92    0.00   16.67    0.00    0.00    0.00    0.00    0.00    0.00   60.42
01:11:36 PM    7   21.05    0.00   18.95    0.00    0.00    0.00    0.00    0.00    0.00   60.00

01:11:36 PM  CPU    %usr   %nice    %sys %iowait    %irq   %soft  %steal  %guest  %gnice   %idle
01:11:37 PM  all   25.32    0.00   16.93    0.00    0.00    9.04    0.00    0.00    0.00   48.71
01:11:37 PM    0    3.12    0.00    4.17    0.00    0.00   72.92    0.00    0.00    0.00   19.79
01:11:37 PM    1   31.25    0.00   15.62    0.00    0.00    0.00    0.00    0.00    0.00   53.12
01:11:37 PM    2   31.63    0.00   16.33    0.00    0.00    0.00    0.00    0.00    0.00   52.04
01:11:37 PM    3   30.00    0.00   16.00    0.00    0.00    0.00    0.00    0.00    0.00   54.00
01:11:37 PM    4   23.16    0.00   27.37    0.00    0.00    0.00    0.00    0.00    0.00   49.47
01:11:37 PM    5   26.04    0.00   17.71    0.00    0.00    0.00    0.00    0.00    0.00   56.25
01:11:37 PM    6   27.37    0.00   20.00    0.00    0.00    0.00    0.00    0.00    0.00   52.63
01:11:37 PM    7   29.59    0.00   18.37    0.00    0.00    0.00    0.00    0.00    0.00   52.04

01:11:37 PM  CPU    %usr   %nice    %sys %iowait    %irq   %soft  %steal  %guest  %gnice   %idle
01:11:38 PM  all   27.48    0.00   17.68    0.00    0.00    8.90    0.00    0.00    0.00   45.94
01:11:38 PM    0    5.10    0.00    4.08    0.00    0.00   70.41    0.00    0.00    0.00   20.41
01:11:38 PM    1   25.25    0.00   11.11    0.00    0.00    0.00    0.00    0.00    0.00   63.64
01:11:38 PM    2   21.43    0.00   16.33    0.00    0.00    0.00    0.00    0.00    0.00   62.24
01:11:38 PM    3   30.93    0.00   13.40    0.00    0.00    0.00    0.00    0.00    0.00   55.67
01:11:38 PM    4   35.79    0.00   26.32    0.00    0.00    0.00    0.00    0.00    0.00   37.89
01:11:38 PM    5   35.05    0.00   26.80    0.00    0.00    0.00    0.00    0.00    0.00   38.14
01:11:38 PM    6   34.04    0.00   21.28    0.00    0.00    0.00    0.00    0.00    0.00   44.68
01:11:38 PM    7   32.99    0.00   22.68    0.00    0.00    0.00    0.00    0.00    0.00   44.33

01:11:38 PM  CPU    %usr   %nice    %sys %iowait    %irq   %soft  %steal  %guest  %gnice   %idle
01:11:39 PM  all   24.52    0.00   16.73    0.00    0.00    8.56    0.00    0.00    0.00   50.19
01:11:39 PM    0    6.00    0.00    7.00    0.00    0.00   67.00    0.00    0.00    0.00   20.00
01:11:39 PM    1   23.47    0.00   16.33    0.00    0.00    0.00    0.00    0.00    0.00   60.20
01:11:39 PM    2   27.08    0.00   11.46    0.00    0.00    0.00    0.00    0.00    0.00   61.46
01:11:39 PM    3   24.24    0.00   16.16    0.00    0.00    0.00    0.00    0.00    0.00   59.60
01:11:39 PM    4   31.63    0.00   22.45    0.00    0.00    0.00    0.00    0.00    0.00   45.92
01:11:39 PM    5   25.77    0.00   23.71    0.00    0.00    0.00    0.00    0.00    0.00   50.52
01:11:39 PM    6   30.21    0.00   19.79    0.00    0.00    0.00    0.00    0.00    0.00   50.00
01:11:39 PM    7   28.28    0.00   17.17    0.00    0.00    0.00    0.00    0.00    0.00   54.55

01:11:39 PM  CPU    %usr   %nice    %sys %iowait    %irq   %soft  %steal  %guest  %gnice   %idle
01:11:40 PM  all   25.29    0.00   17.88    0.00    0.00    8.56    0.00    0.00    0.00   48.28
01:11:40 PM    0    3.06    0.00    5.10    0.00    0.00   68.37    0.00    0.00    0.00   23.47
01:11:40 PM    1   25.00    0.00   14.58    0.00    0.00    0.00    0.00    0.00    0.00   60.42
01:11:40 PM    2   25.77    0.00   12.37    0.00    0.00    0.00    0.00    0.00    0.00   61.86
01:11:40 PM    3   24.24    0.00   12.12    0.00    0.00    0.00    0.00    0.00    0.00   63.64
01:11:40 PM    4   34.02    0.00   23.71    0.00    0.00    0.00    0.00    0.00    0.00   42.27
01:11:40 PM    5   31.31    0.00   25.25    0.00    0.00    0.00    0.00    0.00    0.00   43.43
01:11:40 PM    6   31.96    0.00   22.68    0.00    0.00    0.00    0.00    0.00    0.00   45.36
01:11:40 PM    7   27.00    0.00   27.00    0.00    0.00    0.00    0.00    0.00    0.00   46.00

01:11:40 PM  CPU    %usr   %nice    %sys %iowait    %irq   %soft  %steal  %guest  %gnice   %idle
01:11:41 PM  all   24.71    0.00   18.21    0.00    0.00    8.45    0.00    0.00    0.00   48.63
01:11:41 PM    0    8.16    0.00    6.12    0.00    0.00   65.31    0.00    0.00    0.00   20.41
01:11:41 PM    1   13.98    0.00    9.68    0.00    0.00    0.00    0.00    0.00    0.00   76.34
01:11:41 PM    2   20.62    0.00   12.37    0.00    0.00    0.00    0.00    0.00    0.00   67.01
01:11:41 PM    3   19.19    0.00    8.08    0.00    0.00    1.01    0.00    0.00    0.00   71.72
01:11:41 PM    4   37.11    0.00   28.87    0.00    0.00    0.00    0.00    0.00    0.00   34.02
01:11:41 PM    5   32.29    0.00   28.12    0.00    0.00    0.00    0.00    0.00    0.00   39.58
01:11:41 PM    6   34.38    0.00   27.08    0.00    0.00    0.00    0.00    0.00    0.00   38.54
01:11:41 PM    7   32.26    0.00   25.81    0.00    0.00    0.00    0.00    0.00    0.00   41.94

01:11:41 PM  CPU    %usr   %nice    %sys %iowait    %irq   %soft  %steal  %guest  %gnice   %idle
01:11:42 PM  all   24.35    0.00   16.67    0.00    0.00    8.46    0.00    0.00    0.00   50.52
01:11:42 PM    0    6.19    0.00    4.12    0.00    0.00   67.01    0.00    0.00    0.00   22.68
01:11:42 PM    1   24.21    0.00   11.58    0.00    0.00    0.00    0.00    0.00    0.00   64.21
01:11:42 PM    2   30.85    0.00   10.64    0.00    0.00    0.00    0.00    0.00    0.00   58.51
01:11:42 PM    3   23.96    0.00   14.58    0.00    0.00    0.00    0.00    0.00    0.00   61.46
01:11:42 PM    4   28.12    0.00   28.12    0.00    0.00    0.00    0.00    0.00    0.00   43.75
01:11:42 PM    5   29.17    0.00   20.83    0.00    0.00    0.00    0.00    0.00    0.00   50.00
01:11:42 PM    6   29.17    0.00   19.79    0.00    0.00    0.00    0.00    0.00    0.00   51.04
01:11:42 PM    7   23.47    0.00   23.47    0.00    0.00    0.00    0.00    0.00    0.00   53.06

01:11:42 PM  CPU    %usr   %nice    %sys %iowait    %irq   %soft  %steal  %guest  %gnice   %idle
01:11:43 PM  all   24.55    0.00   17.96    0.00    0.00    8.53    0.00    0.00    0.00   48.97
01:11:43 PM    0    5.10    0.00    6.12    0.00    0.00   67.35    0.00    0.00    0.00   21.43
01:11:43 PM    1   19.39    0.00   14.29    0.00    0.00    0.00    0.00    0.00    0.00   66.33
01:11:43 PM    2   21.65    0.00    9.28    0.00    0.00    0.00    0.00    0.00    0.00   69.07
01:11:43 PM    3   20.83    0.00    8.33    0.00    0.00    0.00    0.00    0.00    0.00   70.83
01:11:43 PM    4   30.61    0.00   28.57    0.00    0.00    0.00    0.00    0.00    0.00   40.82
01:11:43 PM    5   32.63    0.00   30.53    0.00    0.00    0.00    0.00    0.00    0.00   36.84
01:11:43 PM    6   33.68    0.00   24.21    0.00    0.00    0.00    0.00    0.00    0.00   42.11
01:11:43 PM    7   32.99    0.00   22.68    0.00    0.00    0.00    0.00    0.00    0.00   44.33

01:11:43 PM  CPU    %usr   %nice    %sys %iowait    %irq   %soft  %steal  %guest  %gnice   %idle
01:11:44 PM  all   25.80    0.00   18.10    0.00    0.00    9.11    0.00    0.00    0.00   46.98
01:11:44 PM    0    3.06    0.00    5.10    0.00    0.00   72.45    0.00    0.00    0.00   19.39
01:11:44 PM    1   25.51    0.00   12.24    0.00    0.00    0.00    0.00    0.00    0.00   62.24
01:11:44 PM    2   25.00    0.00   16.00    0.00    0.00    0.00    0.00    0.00    0.00   59.00
01:11:44 PM    3   28.87    0.00   15.46    0.00    0.00    0.00    0.00    0.00    0.00   55.67
01:11:44 PM    4   27.08    0.00   27.08    0.00    0.00    0.00    0.00    0.00    0.00   45.83
01:11:44 PM    5   35.71    0.00   23.47    0.00    0.00    0.00    0.00    0.00    0.00   40.82
01:11:44 PM    6   30.93    0.00   26.80    0.00    0.00    0.00    0.00    0.00    0.00   42.27
01:11:44 PM    7   30.53    0.00   18.95    0.00    0.00    0.00    0.00    0.00    0.00   50.53

01:11:44 PM  CPU    %usr   %nice    %sys %iowait    %irq   %soft  %steal  %guest  %gnice   %idle
01:11:45 PM  all   25.00    0.00   15.56    0.00    0.00    8.80    0.00    0.00    0.00   50.64
01:11:45 PM    0    5.00    0.00    5.00    0.00    0.00   69.00    0.00    0.00    0.00   21.00
01:11:45 PM    1   29.90    0.00   15.46    0.00    0.00    0.00    0.00    0.00    0.00   54.64
01:11:45 PM    2   35.11    0.00    8.51    0.00    0.00    0.00    0.00    0.00    0.00   56.38
01:11:45 PM    3   27.45    0.00   16.67    0.00    0.00    0.00    0.00    0.00    0.00   55.88
01:11:45 PM    4   27.27    0.00   23.23    0.00    0.00    0.00    0.00    0.00    0.00   49.49
01:11:45 PM    5   26.53    0.00   19.39    0.00    0.00    0.00    0.00    0.00    0.00   54.08
01:11:45 PM    6   25.25    0.00   20.20    0.00    0.00    0.00    0.00    0.00    0.00   54.55
01:11:45 PM    7   24.21    0.00   15.79    0.00    0.00    0.00    0.00    0.00    0.00   60.00

01:11:45 PM  CPU    %usr   %nice    %sys %iowait    %irq   %soft  %steal  %guest  %gnice   %idle
01:11:46 PM  all   25.71    0.00   17.44    0.00    0.00    8.66    0.00    0.00    0.00   48.19
01:11:46 PM    0    6.12    0.00    5.10    0.00    0.00   68.37    0.00    0.00    0.00   20.41
01:11:46 PM    1   21.43    0.00   13.27    0.00    0.00    0.00    0.00    0.00    0.00   65.31
01:11:46 PM    2   26.04    0.00   11.46    0.00    0.00    0.00    0.00    0.00    0.00   62.50
01:11:46 PM    3   28.57    0.00   11.22    0.00    0.00    0.00    0.00    0.00    0.00   60.20
01:11:46 PM    4   34.38    0.00   26.04    0.00    0.00    0.00    0.00    0.00    0.00   39.58
01:11:46 PM    5   29.59    0.00   23.47    0.00    0.00    0.00    0.00    0.00    0.00   46.94
01:11:46 PM    6   28.72    0.00   26.60    0.00    0.00    0.00    0.00    0.00    0.00   44.68
01:11:46 PM    7   31.25    0.00   22.92    0.00    0.00    0.00    0.00    0.00    0.00   45.83

01:11:46 PM  CPU    %usr   %nice    %sys %iowait    %irq   %soft  %steal  %guest  %gnice   %idle
01:11:47 PM  all   25.36    0.00   19.40    0.00    0.00    8.67    0.00    0.00    0.00   46.57
01:11:47 PM    0    3.03    0.00    5.05    0.00    0.00   67.68    0.00    0.00    0.00   24.24
01:11:47 PM    1   22.00    0.00   16.00    0.00    0.00    0.00    0.00    0.00    0.00   62.00
01:11:47 PM    2   17.71    0.00   13.54    0.00    0.00    0.00    0.00    0.00    0.00   68.75
01:11:47 PM    3   21.65    0.00    5.15    0.00    0.00    0.00    0.00    0.00    0.00   73.20
01:11:47 PM    4   30.77    0.00   29.67    0.00    0.00    0.00    0.00    0.00    0.00   39.56
01:11:47 PM    5   36.17    0.00   25.53    0.00    0.00    0.00    0.00    0.00    0.00   38.30
01:11:47 PM    6   34.65    0.00   31.68    0.00    0.00    0.00    0.00    0.00    0.00   33.66
01:11:47 PM    7   37.89    0.00   29.47    0.00    0.00    0.00    0.00    0.00    0.00   32.63

01:11:47 PM  CPU    %usr   %nice    %sys %iowait    %irq   %soft  %steal  %guest  %gnice   %idle
01:11:48 PM  all   26.36    0.00   18.63    0.00    0.00    9.00    0.00    0.00    0.00   46.01
01:11:48 PM    0    4.90    0.00    7.84    0.00    0.00   69.61    0.00    0.00    0.00   17.65
01:11:48 PM    1   23.71    0.00   11.34    0.00    0.00    0.00    0.00    0.00    0.00   64.95
01:11:48 PM    2   21.00    0.00   13.00    0.00    0.00    0.00    0.00    0.00    0.00   66.00
01:11:48 PM    3   16.83    0.00   10.89    0.00    0.00    0.00    0.00    0.00    0.00   72.28
01:11:48 PM    4   34.02    0.00   32.99    0.00    0.00    0.00    0.00    0.00    0.00   32.99
01:11:48 PM    5   40.00    0.00   20.00    0.00    0.00    0.00    0.00    0.00    0.00   40.00
01:11:48 PM    6   34.34    0.00   27.27    0.00    0.00    0.00    0.00    0.00    0.00   38.38
01:11:48 PM    7   37.76    0.00   26.53    0.00    0.00    0.00    0.00    0.00    0.00   35.71

01:11:48 PM  CPU    %usr   %nice    %sys %iowait    %irq   %soft  %steal  %guest  %gnice   %idle
01:11:49 PM  all   24.58    0.00   17.12    0.00    0.00    8.49    0.00    0.00    0.00   49.81
01:11:49 PM    0    7.14    0.00    3.06    0.00    0.00   67.35    0.00    0.00    0.00   22.45
01:11:49 PM    1   23.96    0.00   12.50    0.00    0.00    0.00    0.00    0.00    0.00   63.54
01:11:49 PM    2   23.76    0.00   13.86    0.00    0.00    0.00    0.00    0.00    0.00   62.38
01:11:49 PM    3   22.92    0.00    8.33    0.00    0.00    0.00    0.00    0.00    0.00   68.75
01:11:49 PM    4   28.72    0.00   25.53    0.00    0.00    0.00    0.00    0.00    0.00   45.74
01:11:49 PM    5   30.61    0.00   24.49    0.00    0.00    0.00    0.00    0.00    0.00   44.90
01:11:49 PM    6   35.05    0.00   23.71    0.00    0.00    0.00    0.00    0.00    0.00   41.24
01:11:49 PM    7   24.74    0.00   25.77    0.00    0.00    0.00    0.00    0.00    0.00   49.48

01:11:49 PM  CPU    %usr   %nice    %sys %iowait    %irq   %soft  %steal  %guest  %gnice   %idle
01:11:50 PM  all   24.48    0.00   16.45    0.00    0.00    8.68    0.00    0.00    0.00   50.39
01:11:50 PM    0    6.12    0.00    7.14    0.00    0.00   68.37    0.00    0.00    0.00   18.37
01:11:50 PM    1   26.80    0.00   14.43    0.00    0.00    0.00    0.00    0.00    0.00   58.76
01:11:50 PM    2   23.47    0.00   18.37    0.00    0.00    0.00    0.00    0.00    0.00   58.16
01:11:50 PM    3   30.30    0.00   11.11    0.00    0.00    0.00    0.00    0.00    0.00   58.59
01:11:50 PM    4   26.60    0.00   21.28    0.00    0.00    0.00    0.00    0.00    0.00   52.13
01:11:50 PM    5   30.53    0.00   16.84    0.00    0.00    0.00    0.00    0.00    0.00   52.63
01:11:50 PM    6   26.04    0.00   21.88    0.00    0.00    0.00    0.00    0.00    0.00   52.08
01:11:50 PM    7   26.32    0.00   21.05    0.00    0.00    0.00    0.00    0.00    0.00   52.63

01:11:50 PM  CPU    %usr   %nice    %sys %iowait    %irq   %soft  %steal  %guest  %gnice   %idle
01:11:51 PM  all   23.18    0.00   15.23    0.00    0.00    8.20    0.00    0.00    0.00   53.39
01:11:51 PM    0    5.21    0.00    3.12    0.00    0.00   65.62    0.00    0.00    0.00   26.04
01:11:51 PM    1   25.77    0.00   13.40    0.00    0.00    0.00    0.00    0.00    0.00   60.82
01:11:51 PM    2   19.79    0.00   13.54    0.00    0.00    0.00    0.00    0.00    0.00   66.67
01:11:51 PM    3   23.96    0.00    8.33    0.00    0.00    0.00    0.00    0.00    0.00   67.71
01:11:51 PM    4   27.84    0.00   21.65    0.00    0.00    0.00    0.00    0.00    0.00   50.52
01:11:51 PM    5   23.96    0.00   25.00    0.00    0.00    0.00    0.00    0.00    0.00   51.04
01:11:51 PM    6   28.57    0.00   21.43    0.00    0.00    0.00    0.00    0.00    0.00   50.00
01:11:51 PM    7   30.43    0.00   15.22    0.00    0.00    0.00    0.00    0.00    0.00   54.35

01:11:51 PM  CPU    %usr   %nice    %sys %iowait    %irq   %soft  %steal  %guest  %gnice   %idle
01:11:52 PM  all   22.41    0.00   15.80    0.00    0.00    8.03    0.00    0.00    0.00   53.76
01:11:52 PM    0    2.08    0.00    6.25    0.00    0.00   64.58    0.00    0.00    0.00   27.08
01:11:52 PM    1   27.00    0.00   16.00    0.00    0.00    0.00    0.00    0.00    0.00   57.00
01:11:52 PM    2   26.04    0.00   16.67    0.00    0.00    0.00    0.00    0.00    0.00   57.29
01:11:52 PM    3   28.57    0.00   13.27    0.00    0.00    0.00    0.00    0.00    0.00   58.16
01:11:52 PM    4   23.47    0.00   22.45    0.00    0.00    0.00    0.00    0.00    0.00   54.08
01:11:52 PM    5   25.26    0.00   14.74    0.00    0.00    0.00    0.00    0.00    0.00   60.00
01:11:52 PM    6   21.28    0.00   20.21    0.00    0.00    0.00    0.00    0.00    0.00   58.51
01:11:52 PM    7   25.26    0.00   16.84    0.00    0.00    0.00    0.00    0.00    0.00   57.89

01:11:52 PM  CPU    %usr   %nice    %sys %iowait    %irq   %soft  %steal  %guest  %gnice   %idle
01:11:53 PM  all   24.84    0.00   16.39    0.00    0.00    8.58    0.00    0.00    0.00   50.19
01:11:53 PM    0    4.17    0.00    4.17    0.00    0.00   69.79    0.00    0.00    0.00   21.88
01:11:53 PM    1   23.71    0.00   14.43    0.00    0.00    0.00    0.00    0.00    0.00   61.86
01:11:53 PM    2   26.26    0.00   15.15    0.00    0.00    0.00    0.00    0.00    0.00   58.59
01:11:53 PM    3   26.04    0.00   12.50    0.00    0.00    0.00    0.00    0.00    0.00   61.46
01:11:53 PM    4   31.96    0.00   23.71    0.00    0.00    0.00    0.00    0.00    0.00   44.33
01:11:53 PM    5   29.70    0.00   20.79    0.00    0.00    0.00    0.00    0.00    0.00   49.50
01:11:53 PM    6   25.77    0.00   21.65    0.00    0.00    0.00    0.00    0.00    0.00   52.58
01:11:53 PM    7   30.61    0.00   18.37    0.00    0.00    0.00    0.00    0.00    0.00   51.02

01:11:53 PM  CPU    %usr   %nice    %sys %iowait    %irq   %soft  %steal  %guest  %gnice   %idle
01:11:54 PM  all   24.94    0.00   18.35    0.00    0.00    9.30    0.00    0.00    0.00   47.42
01:11:54 PM    0    2.91    0.00    3.88    0.00    0.00   69.90    0.00    0.00    0.00   23.30
01:11:54 PM    1   21.05    0.00   13.68    0.00    0.00    0.00    0.00    0.00    0.00   65.26
01:11:54 PM    2   23.23    0.00   12.12    0.00    0.00    0.00    0.00    0.00    0.00   64.65
01:11:54 PM    3   21.65    0.00    8.25    0.00    0.00    0.00    0.00    0.00    0.00   70.10
01:11:54 PM    4   30.61    0.00   31.63    0.00    0.00    0.00    0.00    0.00    0.00   37.76
01:11:54 PM    5   30.85    0.00   28.72    0.00    0.00    0.00    0.00    0.00    0.00   40.43
01:11:54 PM    6   35.79    0.00   27.37    0.00    0.00    0.00    0.00    0.00    0.00   36.84
01:11:54 PM    7   35.48    0.00   22.58    0.00    0.00    0.00    0.00    0.00    0.00   41.94

01:11:54 PM  CPU    %usr   %nice    %sys %iowait    %irq   %soft  %steal  %guest  %gnice   %idle
01:11:55 PM  all   22.28    0.00   15.28    0.00    0.00    8.16    0.00    0.00    0.00   54.27
01:11:55 PM    0    4.17    0.00    7.29    0.00    0.00   65.62    0.00    0.00    0.00   22.92
01:11:55 PM    1   26.32    0.00   11.58    0.00    0.00    0.00    0.00    0.00    0.00   62.11
01:11:55 PM    2   27.72    0.00   16.83    0.00    0.00    0.00    0.00    0.00    0.00   55.45
01:11:55 PM    3   23.71    0.00   12.37    0.00    0.00    0.00    0.00    0.00    0.00   63.92
01:11:55 PM    4   25.00    0.00   17.39    0.00    0.00    0.00    0.00    0.00    0.00   57.61
01:11:55 PM    5   24.74    0.00   16.49    0.00    0.00    0.00    0.00    0.00    0.00   58.76
01:11:55 PM    6   19.57    0.00   18.48    0.00    0.00    0.00    0.00    0.00    0.00   61.96
01:11:55 PM    7   26.47    0.00   21.57    0.00    0.00    0.00    0.00    0.00    0.00   51.96

01:11:55 PM  CPU    %usr   %nice    %sys %iowait    %irq   %soft  %steal  %guest  %gnice   %idle
01:11:56 PM  all   27.12    0.00   17.87    0.00    0.00    9.77    0.00    0.00    0.00   45.24
01:11:56 PM    0    4.76    0.00    4.76    0.00    0.00   72.38    0.00    0.00    0.00   18.10
01:11:56 PM    1   21.88    0.00   15.62    0.00    0.00    0.00    0.00    0.00    0.00   62.50
01:11:56 PM    2   24.74    0.00   12.37    0.00    0.00    0.00    0.00    0.00    0.00   62.89
01:11:56 PM    3   28.12    0.00   10.42    0.00    0.00    0.00    0.00    0.00    0.00   61.46
01:11:56 PM    4   37.76    0.00   27.55    0.00    0.00    0.00    0.00    0.00    0.00   34.69
01:11:56 PM    5   30.53    0.00   27.37    0.00    0.00    0.00    0.00    0.00    0.00   42.11
01:11:56 PM    6   36.46    0.00   23.96    0.00    0.00    0.00    0.00    0.00    0.00   39.58
01:11:56 PM    7   34.74    0.00   22.11    0.00    0.00    0.00    0.00    0.00    0.00   43.16

01:11:56 PM  CPU    %usr   %nice    %sys %iowait    %irq   %soft  %steal  %guest  %gnice   %idle
01:11:57 PM  all   25.16    0.00   18.87    0.00    0.00    8.78    0.00    0.00    0.00   47.18
01:11:57 PM    0    5.10    0.00    6.12    0.00    0.00   68.37    0.00    0.00    0.00   20.41
01:11:57 PM    1   17.71    0.00   10.42    0.00    0.00    0.00    0.00    0.00    0.00   71.88
01:11:57 PM    2   20.83    0.00    6.25    0.00    0.00    0.00    0.00    0.00    0.00   72.92
01:11:57 PM    3   14.74    0.00    7.37    0.00    0.00    0.00    0.00    0.00    0.00   77.89
01:11:57 PM    4   35.87    0.00   30.43    0.00    0.00    0.00    0.00    0.00    0.00   33.70
01:11:57 PM    5   35.05    0.00   34.02    0.00    0.00    0.00    0.00    0.00    0.00   30.93
01:11:57 PM    6   34.74    0.00   28.42    0.00    0.00    0.00    0.00    0.00    0.00   36.84
01:11:57 PM    7   38.30    0.00   28.72    0.00    0.00    0.00    0.00    0.00    0.00   32.98

01:11:57 PM  CPU    %usr   %nice    %sys %iowait    %irq   %soft  %steal  %guest  %gnice   %idle
01:11:58 PM  all   22.49    0.00   15.17    0.00    0.00    8.35    0.00    0.00    0.00   53.98
01:11:58 PM    0    6.00    0.00    6.00    0.00    0.00   65.00    0.00    0.00    0.00   23.00
01:11:58 PM    1   27.08    0.00   13.54    0.00    0.00    0.00    0.00    0.00    0.00   59.38
01:11:58 PM    2   21.05    0.00   13.68    0.00    0.00    0.00    0.00    0.00    0.00   65.26
01:11:58 PM    3   27.27    0.00   10.10    0.00    0.00    0.00    0.00    0.00    0.00   62.63
01:11:58 PM    4   22.92    0.00   25.00    0.00    0.00    0.00    0.00    0.00    0.00   52.08
01:11:58 PM    5   23.40    0.00   15.96    0.00    0.00    0.00    0.00    0.00    0.00   60.64
01:11:58 PM    6   28.28    0.00   17.17    0.00    0.00    0.00    0.00    0.00    0.00   54.55
01:11:58 PM    7   24.24    0.00   20.20    0.00    0.00    0.00    0.00    0.00    0.00   55.56

Average:     CPU    %usr   %nice    %sys %iowait    %irq   %soft  %steal  %guest  %gnice   %idle
Average:     all   24.73    0.00   17.39    0.00    0.00    8.67    0.00    0.00    0.00   49.21
Average:       0    4.90    0.00    5.49    0.00    0.00   68.23    0.00    0.00    0.00   21.38
Average:       1   24.16    0.00   13.61    0.00    0.00    0.00    0.00    0.00    0.00   62.23
Average:       2   23.98    0.00   12.97    0.00    0.00    0.00    0.00    0.00    0.00   63.06
Average:       3   25.28    0.00   11.68    0.00    0.00    0.03    0.00    0.00    0.00   63.01
Average:       4   30.62    0.00   25.92    0.00    0.00    0.00    0.00    0.00    0.00   43.46
Average:       5   30.13    0.00   23.76    0.00    0.00    0.00    0.00    0.00    0.00   46.11
Average:       6   29.82    0.00   23.44    0.00    0.00    0.00    0.00    0.00    0.00   46.74
Average:       7   29.44    0.00   22.70    0.00    0.00    0.00    0.00    0.00    0.00   47.87
