Linux 6.1.141 (king) 	08/20/2026 	_aarch64_	(8 CPU)

09:37:03 AM  CPU    %usr   %nice    %sys %iowait    %irq   %soft  %steal  %guest  %gnice   %idle
09:37:04 AM  all   18.60    0.00   13.13    0.00    0.00    6.24    0.00    0.00    0.00   62.03
09:37:04 AM    0   20.62    0.00    7.22    0.00    0.00   49.48    0.00    0.00    0.00   22.68
09:37:04 AM    1   20.00    0.00   18.95    0.00    0.00    0.00    0.00    0.00    0.00   61.05
09:37:04 AM    2   18.09    0.00   17.02    0.00    0.00    0.00    0.00    0.00    0.00   64.89
09:37:04 AM    3   25.51    0.00   11.22    0.00    0.00    0.00    0.00    0.00    0.00   63.27
09:37:04 AM    4   16.49    0.00   18.56    0.00    0.00    0.00    0.00    0.00    0.00   64.95
09:37:04 AM    5   17.89    0.00   10.53    0.00    0.00    0.00    0.00    0.00    0.00   71.58
09:37:04 AM    6   15.62    0.00   11.46    0.00    0.00    0.00    0.00    0.00    0.00   72.92
09:37:04 AM    7   14.43    0.00   10.31    0.00    0.00    0.00    0.00    0.00    0.00   75.26

09:37:04 AM  CPU    %usr   %nice    %sys %iowait    %irq   %soft  %steal  %guest  %gnice   %idle
09:37:05 AM  all   19.33    0.00   12.04    0.00    0.00    6.53    0.00    0.00    0.00   62.10
09:37:05 AM    0   11.11    0.00    6.06    0.00    0.00   51.52    0.00    0.00    0.00   31.31
09:37:05 AM    1   26.80    0.00   12.37    0.00    0.00    0.00    0.00    0.00    0.00   60.82
09:37:05 AM    2   23.71    0.00   16.49    0.00    0.00    0.00    0.00    0.00    0.00   59.79
09:37:05 AM    3   21.21    0.00   16.16    0.00    0.00    0.00    0.00    0.00    0.00   62.63
09:37:05 AM    4   18.95    0.00   12.63    0.00    0.00    0.00    0.00    0.00    0.00   68.42
09:37:05 AM    5   18.56    0.00   11.34    0.00    0.00    0.00    0.00    0.00    0.00   70.10
09:37:05 AM    6   17.35    0.00    9.18    0.00    0.00    0.00    0.00    0.00    0.00   73.47
09:37:05 AM    7   17.17    0.00   12.12    0.00    0.00    0.00    0.00    0.00    0.00   70.71

09:37:05 AM  CPU    %usr   %nice    %sys %iowait    %irq   %soft  %steal  %guest  %gnice   %idle
09:37:06 AM  all   16.77    0.00   12.04    0.00    0.00    6.02    0.00    0.00    0.00   65.17
09:37:06 AM    0   13.27    0.00    9.18    0.00    0.00   47.96    0.00    0.00    0.00   29.59
09:37:06 AM    1   26.53    0.00   12.24    0.00    0.00    0.00    0.00    0.00    0.00   61.22
09:37:06 AM    2   19.79    0.00   13.54    0.00    0.00    0.00    0.00    0.00    0.00   66.67
09:37:06 AM    3   20.20    0.00   23.23    0.00    0.00    0.00    0.00    0.00    0.00   56.57
09:37:06 AM    4   14.58    0.00    7.29    0.00    0.00    0.00    0.00    0.00    0.00   78.12
09:37:06 AM    5   14.14    0.00   12.12    0.00    0.00    0.00    0.00    0.00    0.00   73.74
09:37:06 AM    6   15.31    0.00    9.18    0.00    0.00    0.00    0.00    0.00    0.00   75.51
09:37:06 AM    7   10.31    0.00    9.28    0.00    0.00    0.00    0.00    0.00    0.00   80.41

09:37:06 AM  CPU    %usr   %nice    %sys %iowait    %irq   %soft  %steal  %guest  %gnice   %idle
09:37:07 AM  all   17.73    0.00   12.76    0.00    0.00    6.25    0.00    0.00    0.00   63.27
09:37:07 AM    0   11.46    0.00    7.29    0.00    0.00   51.04    0.00    0.00    0.00   30.21
09:37:07 AM    1   23.23    0.00   11.11    0.00    0.00    0.00    0.00    0.00    0.00   65.66
09:37:07 AM    2   23.47    0.00   16.33    0.00    0.00    0.00    0.00    0.00    0.00   60.20
09:37:07 AM    3   21.00    0.00   22.00    0.00    0.00    0.00    0.00    0.00    0.00   57.00
09:37:07 AM    4   16.16    0.00   13.13    0.00    0.00    0.00    0.00    0.00    0.00   70.71
09:37:07 AM    5   15.62    0.00   10.42    0.00    0.00    0.00    0.00    0.00    0.00   73.96
09:37:07 AM    6   16.16    0.00   13.13    0.00    0.00    0.00    0.00    0.00    0.00   70.71
09:37:07 AM    7   14.43    0.00    8.25    0.00    0.00    0.00    0.00    0.00    0.00   77.32

09:37:07 AM  CPU    %usr   %nice    %sys %iowait    %irq   %soft  %steal  %guest  %gnice   %idle
09:37:08 AM  all   18.50    0.00   12.68    0.00    0.00    6.21    0.00    0.00    0.00   62.61
09:37:08 AM    0   12.63    0.00    6.32    0.00    0.00   50.53    0.00    0.00    0.00   30.53
09:37:08 AM    1   23.96    0.00   17.71    0.00    0.00    0.00    0.00    0.00    0.00   58.33
09:37:08 AM    2   20.83    0.00   18.75    0.00    0.00    0.00    0.00    0.00    0.00   60.42
09:37:08 AM    3   23.96    0.00   12.50    0.00    0.00    0.00    0.00    0.00    0.00   63.54
09:37:08 AM    4   17.71    0.00   13.54    0.00    0.00    0.00    0.00    0.00    0.00   68.75
09:37:08 AM    5   16.00    0.00   11.00    0.00    0.00    0.00    0.00    0.00    0.00   73.00
09:37:08 AM    6   17.71    0.00   12.50    0.00    0.00    0.00    0.00    0.00    0.00   69.79
09:37:08 AM    7   15.31    0.00    9.18    0.00    0.00    0.00    0.00    0.00    0.00   75.51

09:37:08 AM  CPU    %usr   %nice    %sys %iowait    %irq   %soft  %steal  %guest  %gnice   %idle
09:37:09 AM  all   19.54    0.00   13.41    0.00    0.00    6.64    0.00    0.00    0.00   60.41
09:37:09 AM    0   14.29    0.00    7.14    0.00    0.00   53.06    0.00    0.00    0.00   25.51
09:37:09 AM    1   25.51    0.00   19.39    0.00    0.00    0.00    0.00    0.00    0.00   55.10
09:37:09 AM    2   21.05    0.00   13.68    0.00    0.00    0.00    0.00    0.00    0.00   65.26
09:37:09 AM    3   24.00    0.00   16.00    0.00    0.00    0.00    0.00    0.00    0.00   60.00
09:37:09 AM    4   15.96    0.00   13.83    0.00    0.00    0.00    0.00    0.00    0.00   70.21
09:37:09 AM    5   17.00    0.00   15.00    0.00    0.00    0.00    0.00    0.00    0.00   68.00
09:37:09 AM    6   19.19    0.00    9.09    0.00    0.00    0.00    0.00    0.00    0.00   71.72
09:37:09 AM    7   19.19    0.00   13.13    0.00    0.00    0.00    0.00    0.00    0.00   67.68

09:37:09 AM  CPU    %usr   %nice    %sys %iowait    %irq   %soft  %steal  %guest  %gnice   %idle
09:37:10 AM  all   17.98    0.00   12.55    0.00    0.00    6.34    0.00    0.00    0.00   63.13
09:37:10 AM    0   10.53    0.00   12.63    0.00    0.00   51.58    0.00    0.00    0.00   25.26
09:37:10 AM    1   26.32    0.00   13.68    0.00    0.00    0.00    0.00    0.00    0.00   60.00
09:37:10 AM    2   24.74    0.00   13.40    0.00    0.00    0.00    0.00    0.00    0.00   61.86
09:37:10 AM    3   24.49    0.00   10.20    0.00    0.00    0.00    0.00    0.00    0.00   65.31
09:37:10 AM    4   14.43    0.00   16.49    0.00    0.00    0.00    0.00    0.00    0.00   69.07
09:37:10 AM    5   13.68    0.00   10.53    0.00    0.00    0.00    0.00    0.00    0.00   75.79
09:37:10 AM    6   15.62    0.00   11.46    0.00    0.00    0.00    0.00    0.00    0.00   72.92
09:37:10 AM    7   14.00    0.00   12.00    0.00    0.00    0.00    0.00    0.00    0.00   74.00

09:37:10 AM  CPU    %usr   %nice    %sys %iowait    %irq   %soft  %steal  %guest  %gnice   %idle
09:37:11 AM  all   17.59    0.00   13.22    0.00    0.00    6.68    0.00    0.00    0.00   62.52
09:37:11 AM    0   10.64    0.00    8.51    0.00    0.00   55.32    0.00    0.00    0.00   25.53
09:37:11 AM    1   21.88    0.00   11.46    0.00    0.00    0.00    0.00    0.00    0.00   66.67
09:37:11 AM    2   20.62    0.00   18.56    0.00    0.00    0.00    0.00    0.00    0.00   60.82
09:37:11 AM    3   21.88    0.00   15.62    0.00    0.00    0.00    0.00    0.00    0.00   62.50
09:37:11 AM    4   16.49    0.00   14.43    0.00    0.00    0.00    0.00    0.00    0.00   69.07
09:37:11 AM    5   14.00    0.00   15.00    0.00    0.00    0.00    0.00    0.00    0.00   71.00
09:37:11 AM    6   17.65    0.00   10.78    0.00    0.00    0.00    0.00    0.00    0.00   71.57
09:37:11 AM    7   17.53    0.00   11.34    0.00    0.00    0.00    0.00    0.00    0.00   71.13

09:37:11 AM  CPU    %usr   %nice    %sys %iowait    %irq   %soft  %steal  %guest  %gnice   %idle
09:37:12 AM  all   18.84    0.00   12.65    0.00    0.00    6.45    0.00    0.00    0.00   62.06
09:37:12 AM    0   11.34    0.00    5.15    0.00    0.00   51.55    0.00    0.00    0.00   31.96
09:37:12 AM    1   23.40    0.00   12.77    0.00    0.00    0.00    0.00    0.00    0.00   63.83
09:37:12 AM    2   24.49    0.00   15.31    0.00    0.00    0.00    0.00    0.00    0.00   60.20
09:37:12 AM    3   21.43    0.00   15.31    0.00    0.00    0.00    0.00    0.00    0.00   63.27
09:37:12 AM    4   18.95    0.00   13.68    0.00    0.00    0.00    0.00    0.00    0.00   67.37
09:37:12 AM    5   15.46    0.00   18.56    0.00    0.00    0.00    0.00    0.00    0.00   65.98
09:37:12 AM    6   18.37    0.00   11.22    0.00    0.00    0.00    0.00    0.00    0.00   70.41
09:37:12 AM    7   17.35    0.00    9.18    0.00    0.00    0.00    0.00    0.00    0.00   73.47

09:37:12 AM  CPU    %usr   %nice    %sys %iowait    %irq   %soft  %steal  %guest  %gnice   %idle
09:37:13 AM  all   18.01    0.00   12.52    0.00    0.00    6.51    0.00    0.00    0.00   62.96
09:37:13 AM    0    7.00    0.00    9.00    0.00    0.00   51.00    0.00    0.00    0.00   33.00
09:37:13 AM    1   17.53    0.00   16.49    0.00    0.00    0.00    0.00    0.00    0.00   65.98
09:37:13 AM    2   24.51    0.00   14.71    0.00    0.00    0.00    0.00    0.00    0.00   60.78
09:37:13 AM    3   29.47    0.00   13.68    0.00    0.00    0.00    0.00    0.00    0.00   56.84
09:37:13 AM    4   16.00    0.00   15.00    0.00    0.00    0.00    0.00    0.00    0.00   69.00
09:37:13 AM    5   20.41    0.00   11.22    0.00    0.00    0.00    0.00    0.00    0.00   68.37
09:37:13 AM    6   16.84    0.00    7.37    0.00    0.00    0.00    0.00    0.00    0.00   75.79
09:37:13 AM    7   12.50    0.00   12.50    0.00    0.00    0.00    0.00    0.00    0.00   75.00

09:37:13 AM  CPU    %usr   %nice    %sys %iowait    %irq   %soft  %steal  %guest  %gnice   %idle
09:37:14 AM  all   16.22    0.00   12.23    0.00    0.00    5.15    0.00    0.00    0.00   66.41
09:37:14 AM    0   13.98    0.00    8.60    0.00    0.00   43.01    0.00    0.00    0.00   34.41
09:37:14 AM    1   15.62    0.00   23.96    0.00    0.00    0.00    0.00    0.00    0.00   60.42
09:37:14 AM    2   22.45    0.00   15.31    0.00    0.00    0.00    0.00    0.00    0.00   62.24
09:37:14 AM    3   17.89    0.00   10.53    0.00    0.00    0.00    0.00    0.00    0.00   71.58
09:37:14 AM    4   15.15    0.00   10.10    0.00    0.00    0.00    0.00    0.00    0.00   74.75
09:37:14 AM    5   16.00    0.00   13.00    0.00    0.00    0.00    0.00    0.00    0.00   71.00
09:37:14 AM    6   14.43    0.00    8.25    0.00    0.00    0.00    0.00    0.00    0.00   77.32
09:37:14 AM    7   14.14    0.00    8.08    0.00    0.00    0.00    0.00    0.00    0.00   77.78

09:37:14 AM  CPU    %usr   %nice    %sys %iowait    %irq   %soft  %steal  %guest  %gnice   %idle
09:37:15 AM  all   16.93    0.00   11.50    0.00    0.00    6.46    0.00    0.00    0.00   65.12
09:37:15 AM    0   11.46    0.00    4.17    0.00    0.00   52.08    0.00    0.00    0.00   32.29
09:37:15 AM    1   21.43    0.00   15.31    0.00    0.00    0.00    0.00    0.00    0.00   63.27
09:37:15 AM    2   20.21    0.00   14.89    0.00    0.00    0.00    0.00    0.00    0.00   64.89
09:37:15 AM    3   24.49    0.00   11.22    0.00    0.00    0.00    0.00    0.00    0.00   64.29
09:37:15 AM    4   13.68    0.00    9.47    0.00    0.00    0.00    0.00    0.00    0.00   76.84
09:37:15 AM    5   14.29    0.00   12.24    0.00    0.00    0.00    0.00    0.00    0.00   73.47
09:37:15 AM    6   15.46    0.00   12.37    0.00    0.00    0.00    0.00    0.00    0.00   72.16
09:37:15 AM    7   14.29    0.00   12.24    0.00    0.00    0.00    0.00    0.00    0.00   73.47

09:37:15 AM  CPU    %usr   %nice    %sys %iowait    %irq   %soft  %steal  %guest  %gnice   %idle
09:37:16 AM  all   19.28    0.00   11.62    0.00    0.00    6.39    0.00    0.00    0.00   62.71
09:37:16 AM    0   11.34    0.00    8.25    0.00    0.00   51.55    0.00    0.00    0.00   28.87
09:37:16 AM    1   29.17    0.00   10.42    0.00    0.00    0.00    0.00    0.00    0.00   60.42
09:37:16 AM    2   22.68    0.00   17.53    0.00    0.00    0.00    0.00    0.00    0.00   59.79
09:37:16 AM    3   23.00    0.00   12.00    0.00    0.00    0.00    0.00    0.00    0.00   65.00
09:37:16 AM    4   21.78    0.00   13.86    0.00    0.00    0.00    0.00    0.00    0.00   64.36
09:37:16 AM    5   15.62    0.00   10.42    0.00    0.00    0.00    0.00    0.00    0.00   73.96
09:37:16 AM    6   17.17    0.00   12.12    0.00    0.00    0.00    0.00    0.00    0.00   70.71
09:37:16 AM    7   13.40    0.00    8.25    0.00    0.00    0.00    0.00    0.00    0.00   78.35

09:37:16 AM  CPU    %usr   %nice    %sys %iowait    %irq   %soft  %steal  %guest  %gnice   %idle
09:37:17 AM  all   17.89    0.00   14.16    0.00    0.00    6.56    0.00    0.00    0.00   61.39
09:37:17 AM    0    9.28    0.00    8.25    0.00    0.00   52.58    0.00    0.00    0.00   29.90
09:37:17 AM    1   23.47    0.00   19.39    0.00    0.00    0.00    0.00    0.00    0.00   57.14
09:37:17 AM    2   20.20    0.00   20.20    0.00    0.00    0.00    0.00    0.00    0.00   59.60
09:37:17 AM    3   24.21    0.00   12.63    0.00    0.00    0.00    0.00    0.00    0.00   63.16
09:37:17 AM    4   14.74    0.00   17.89    0.00    0.00    0.00    0.00    0.00    0.00   67.37
09:37:17 AM    5   19.59    0.00   11.34    0.00    0.00    0.00    0.00    0.00    0.00   69.07
09:37:17 AM    6   16.49    0.00   11.34    0.00    0.00    0.00    0.00    0.00    0.00   72.16
09:37:17 AM    7   15.15    0.00   12.12    0.00    0.00    0.00    0.00    0.00    0.00   72.73

09:37:17 AM  CPU    %usr   %nice    %sys %iowait    %irq   %soft  %steal  %guest  %gnice   %idle
09:37:18 AM  all   15.57    0.00   10.81    0.00    0.00    5.66    0.00    0.00    0.00   67.95
09:37:18 AM    0    6.38    0.00    7.45    0.00    0.00   46.81    0.00    0.00    0.00   39.36
09:37:18 AM    1   20.20    0.00   13.13    0.00    0.00    0.00    0.00    0.00    0.00   66.67
09:37:18 AM    2   21.78    0.00   10.89    0.00    0.00    0.00    0.00    0.00    0.00   67.33
09:37:18 AM    3   18.37    0.00   12.24    0.00    0.00    0.00    0.00    0.00    0.00   69.39
09:37:18 AM    4   14.43    0.00   11.34    0.00    0.00    0.00    0.00    0.00    0.00   74.23
09:37:18 AM    5   12.63    0.00   13.68    0.00    0.00    0.00    0.00    0.00    0.00   73.68
09:37:18 AM    6   14.58    0.00    8.33    0.00    0.00    0.00    0.00    0.00    0.00   77.08
09:37:18 AM    7   15.46    0.00    9.28    0.00    0.00    0.00    0.00    0.00    0.00   75.26

09:37:18 AM  CPU    %usr   %nice    %sys %iowait    %irq   %soft  %steal  %guest  %gnice   %idle
09:37:19 AM  all   18.92    0.00   13.90    0.00    0.00    7.34    0.00    0.00    0.00   59.85
09:37:19 AM    0    8.25    0.00    4.12    0.00    0.00   58.76    0.00    0.00    0.00   28.87
09:37:19 AM    1   22.68    0.00   20.62    0.00    0.00    0.00    0.00    0.00    0.00   56.70
09:37:19 AM    2   22.92    0.00   21.88    0.00    0.00    0.00    0.00    0.00    0.00   55.21
09:37:19 AM    3   22.34    0.00   11.70    0.00    0.00    0.00    0.00    0.00    0.00   65.96
09:37:19 AM    4   17.53    0.00   13.40    0.00    0.00    0.00    0.00    0.00    0.00   69.07
09:37:19 AM    5   18.37    0.00   13.27    0.00    0.00    0.00    0.00    0.00    0.00   68.37
09:37:19 AM    6   21.21    0.00   10.10    0.00    0.00    0.00    0.00    0.00    0.00   68.69
09:37:19 AM    7   18.18    0.00   16.16    0.00    0.00    0.00    0.00    0.00    0.00   65.66

09:37:19 AM  CPU    %usr   %nice    %sys %iowait    %irq   %soft  %steal  %guest  %gnice   %idle
09:37:20 AM  all   16.79    0.00   13.59    0.00    0.00    6.67    0.00    0.00    0.00   62.95
09:37:20 AM    0    8.25    0.00    9.28    0.00    0.00   53.61    0.00    0.00    0.00   28.87
09:37:20 AM    1   23.47    0.00   14.29    0.00    0.00    0.00    0.00    0.00    0.00   62.24
09:37:20 AM    2   17.53    0.00   20.62    0.00    0.00    0.00    0.00    0.00    0.00   61.86
09:37:20 AM    3   19.79    0.00   13.54    0.00    0.00    0.00    0.00    0.00    0.00   66.67
09:37:20 AM    4   15.62    0.00   16.67    0.00    0.00    0.00    0.00    0.00    0.00   67.71
09:37:20 AM    5   19.19    0.00    9.09    0.00    0.00    0.00    0.00    0.00    0.00   71.72
09:37:20 AM    6   15.15    0.00   13.13    0.00    0.00    0.00    0.00    0.00    0.00   71.72
09:37:20 AM    7   15.31    0.00   12.24    0.00    0.00    0.00    0.00    0.00    0.00   72.45

09:37:20 AM  CPU    %usr   %nice    %sys %iowait    %irq   %soft  %steal  %guest  %gnice   %idle
09:37:21 AM  all   16.75    0.00   12.08    0.00    0.00    5.71    0.00    0.00    0.00   65.45
09:37:21 AM    0   13.98    0.00   12.90    0.00    0.00   47.31    0.00    0.00    0.00   25.81
09:37:21 AM    1   25.00    0.00   17.71    0.00    0.00    0.00    0.00    0.00    0.00   57.29
09:37:21 AM    2   19.59    0.00   16.49    0.00    0.00    0.00    0.00    0.00    0.00   63.92
09:37:21 AM    3   19.79    0.00   10.42    0.00    0.00    0.00    0.00    0.00    0.00   69.79
09:37:21 AM    4   14.43    0.00   11.34    0.00    0.00    0.00    0.00    0.00    0.00   74.23
09:37:21 AM    5   15.15    0.00   13.13    0.00    0.00    0.00    0.00    0.00    0.00   71.72
09:37:21 AM    6   12.37    0.00    9.28    0.00    0.00    0.00    0.00    0.00    0.00   78.35
09:37:21 AM    7   13.68    0.00    5.26    0.00    0.00    0.00    0.00    0.00    0.00   81.05

09:37:21 AM  CPU    %usr   %nice    %sys %iowait    %irq   %soft  %steal  %guest  %gnice   %idle
09:37:22 AM  all   19.02    0.00   14.01    0.00    0.00    6.81    0.00    0.00    0.00   60.15
09:37:22 AM    0   10.31    0.00   10.31    0.00    0.00   54.64    0.00    0.00    0.00   24.74
09:37:22 AM    1   20.41    0.00   19.39    0.00    0.00    0.00    0.00    0.00    0.00   60.20
09:37:22 AM    2   25.51    0.00   19.39    0.00    0.00    0.00    0.00    0.00    0.00   55.10
09:37:22 AM    3   20.83    0.00   18.75    0.00    0.00    0.00    0.00    0.00    0.00   60.42
09:37:22 AM    4   17.71    0.00   10.42    0.00    0.00    0.00    0.00    0.00    0.00   71.88
09:37:22 AM    5   21.65    0.00    9.28    0.00    0.00    0.00    0.00    0.00    0.00   69.07
09:37:22 AM    6   14.29    0.00   12.24    0.00    0.00    0.00    0.00    0.00    0.00   73.47
09:37:22 AM    7   21.43    0.00   12.24    0.00    0.00    0.00    0.00    0.00    0.00   66.33

09:37:22 AM  CPU    %usr   %nice    %sys %iowait    %irq   %soft  %steal  %guest  %gnice   %idle
09:37:23 AM  all   16.99    0.00   11.33    0.00    0.00    5.92    0.00    0.00    0.00   65.77
09:37:23 AM    0   13.40    0.00    8.25    0.00    0.00   47.42    0.00    0.00    0.00   30.93
09:37:23 AM    1   22.68    0.00    9.28    0.00    0.00    0.00    0.00    0.00    0.00   68.04
09:37:23 AM    2   18.75    0.00   12.50    0.00    0.00    0.00    0.00    0.00    0.00   68.75
09:37:23 AM    3   20.00    0.00   13.68    0.00    0.00    0.00    0.00    0.00    0.00   66.32
09:37:23 AM    4   13.00    0.00   18.00    0.00    0.00    0.00    0.00    0.00    0.00   69.00
09:37:23 AM    5   17.89    0.00    7.37    0.00    0.00    0.00    0.00    0.00    0.00   74.74
09:37:23 AM    6   17.71    0.00    8.33    0.00    0.00    0.00    0.00    0.00    0.00   73.96
09:37:23 AM    7   12.87    0.00   12.87    0.00    0.00    0.00    0.00    0.00    0.00   74.26

09:37:23 AM  CPU    %usr   %nice    %sys %iowait    %irq   %soft  %steal  %guest  %gnice   %idle
09:37:24 AM  all   17.96    0.00   11.40    0.00    0.00    6.29    0.00    0.00    0.00   64.35
09:37:24 AM    0   10.64    0.00    7.45    0.00    0.00   51.06    0.00    0.00    0.00   30.85
09:37:24 AM    1   25.81    0.00   11.83    0.00    0.00    0.00    0.00    0.00    0.00   62.37
09:37:24 AM    2   26.04    0.00   17.71    0.00    0.00    0.00    0.00    0.00    0.00   56.25
09:37:24 AM    3   20.83    0.00   16.67    0.00    0.00    0.00    0.00    0.00    0.00   62.50
09:37:24 AM    4   13.54    0.00   10.42    0.00    0.00    0.00    0.00    0.00    0.00   76.04
09:37:24 AM    5   18.37    0.00    9.18    0.00    0.00    0.00    0.00    0.00    0.00   72.45
09:37:24 AM    6   14.74    0.00    7.37    0.00    0.00    0.00    0.00    0.00    0.00   77.89
09:37:24 AM    7   13.68    0.00   10.53    0.00    0.00    0.00    0.00    0.00    0.00   75.79

09:37:24 AM  CPU    %usr   %nice    %sys %iowait    %irq   %soft  %steal  %guest  %gnice   %idle
09:37:25 AM  all   18.47    0.00   12.09    0.00    0.00    6.50    0.00    0.00    0.00   62.94
09:37:25 AM    0    8.51    0.00    6.38    0.00    0.00   53.19    0.00    0.00    0.00   31.91
09:37:25 AM    1   24.74    0.00   17.53    0.00    0.00    0.00    0.00    0.00    0.00   57.73
09:37:25 AM    2   23.96    0.00   11.46    0.00    0.00    0.00    0.00    0.00    0.00   64.58
09:37:25 AM    3   23.96    0.00   16.67    0.00    0.00    0.00    0.00    0.00    0.00   59.38
09:37:25 AM    4   17.53    0.00   11.34    0.00    0.00    0.00    0.00    0.00    0.00   71.13
09:37:25 AM    5   17.71    0.00   15.62    0.00    0.00    0.00    0.00    0.00    0.00   66.67
09:37:25 AM    6   14.89    0.00   11.70    0.00    0.00    0.00    0.00    0.00    0.00   73.40
09:37:25 AM    7   16.16    0.00    6.06    0.00    0.00    0.00    0.00    0.00    0.00   77.78

09:37:25 AM  CPU    %usr   %nice    %sys %iowait    %irq   %soft  %steal  %guest  %gnice   %idle
09:37:26 AM  all   18.79    0.00   11.45    0.00    0.00    5.79    0.00    0.00    0.00   63.96
09:37:26 AM    0   12.50    0.00    6.25    0.00    0.00   46.88    0.00    0.00    0.00   34.38
09:37:26 AM    1   27.08    0.00   12.50    0.00    0.00    0.00    0.00    0.00    0.00   60.42
09:37:26 AM    2   22.45    0.00   20.41    0.00    0.00    0.00    0.00    0.00    0.00   57.14
09:37:26 AM    3   24.74    0.00   10.31    0.00    0.00    0.00    0.00    0.00    0.00   64.95
09:37:26 AM    4   15.15    0.00   14.14    0.00    0.00    0.00    0.00    0.00    0.00   70.71
09:37:26 AM    5   16.49    0.00    9.28    0.00    0.00    0.00    0.00    0.00    0.00   74.23
09:37:26 AM    6   13.40    0.00   11.34    0.00    0.00    0.00    0.00    0.00    0.00   75.26
09:37:26 AM    7   18.56    0.00    7.22    0.00    0.00    0.00    0.00    0.00    0.00   74.23

09:37:26 AM  CPU    %usr   %nice    %sys %iowait    %irq   %soft  %steal  %guest  %gnice   %idle
09:37:27 AM  all   19.82    0.00   12.23    0.00    0.00    6.95    0.00    0.00    0.00   61.00
09:37:27 AM    0   10.53    0.00    4.21    0.00    0.00   56.84    0.00    0.00    0.00   28.42
09:37:27 AM    1   24.74    0.00   15.46    0.00    0.00    0.00    0.00    0.00    0.00   59.79
09:37:27 AM    2   24.74    0.00   15.46    0.00    0.00    0.00    0.00    0.00    0.00   59.79
09:37:27 AM    3   28.28    0.00   16.16    0.00    0.00    0.00    0.00    0.00    0.00   55.56
09:37:27 AM    4   15.46    0.00   12.37    0.00    0.00    0.00    0.00    0.00    0.00   72.16
09:37:27 AM    5   16.67    0.00   13.54    0.00    0.00    0.00    0.00    0.00    0.00   69.79
09:37:27 AM    6   18.75    0.00   10.42    0.00    0.00    0.00    0.00    0.00    0.00   70.83
09:37:27 AM    7   19.00    0.00   10.00    0.00    0.00    0.00    0.00    0.00    0.00   71.00

09:37:27 AM  CPU    %usr   %nice    %sys %iowait    %irq   %soft  %steal  %guest  %gnice   %idle
09:37:28 AM  all   16.97    0.00   13.99    0.00    0.00    6.99    0.00    0.00    0.00   62.05
09:37:28 AM    0    6.00    0.00    9.00    0.00    0.00   54.00    0.00    0.00    0.00   31.00
09:37:28 AM    1   25.00    0.00   13.54    0.00    0.00    0.00    0.00    0.00    0.00   61.46
09:37:28 AM    2   17.71    0.00   17.71    0.00    0.00    0.00    0.00    0.00    0.00   64.58
09:37:28 AM    3   28.87    0.00   18.56    0.00    0.00    0.00    0.00    0.00    0.00   52.58
09:37:28 AM    4   13.83    0.00   17.02    0.00    0.00    0.00    0.00    0.00    0.00   69.15
09:37:28 AM    5   14.43    0.00   12.37    0.00    0.00    0.00    0.00    0.00    0.00   73.20
09:37:28 AM    6   14.74    0.00   12.63    0.00    0.00    0.00    0.00    0.00    0.00   72.63
09:37:28 AM    7   15.46    0.00   11.34    0.00    0.00    0.00    0.00    0.00    0.00   73.20

09:37:28 AM  CPU    %usr   %nice    %sys %iowait    %irq   %soft  %steal  %guest  %gnice   %idle
09:37:29 AM  all   19.18    0.00   11.97    0.00    0.00    6.31    0.00    0.00    0.00   62.55
09:37:29 AM    0    9.47    0.00    9.47    0.00    0.00   51.58    0.00    0.00    0.00   29.47
09:37:29 AM    1   25.25    0.00   10.10    0.00    0.00    0.00    0.00    0.00    0.00   64.65
09:37:29 AM    2   24.21    0.00   16.84    0.00    0.00    0.00    0.00    0.00    0.00   58.95
09:37:29 AM    3   23.16    0.00   10.53    0.00    0.00    0.00    0.00    0.00    0.00   66.32
09:37:29 AM    4   14.43    0.00   13.40    0.00    0.00    0.00    0.00    0.00    0.00   72.16
09:37:29 AM    5   18.56    0.00   13.40    0.00    0.00    0.00    0.00    0.00    0.00   68.04
09:37:29 AM    6   18.81    0.00   12.87    0.00    0.00    0.00    0.00    0.00    0.00   68.32
09:37:29 AM    7   19.39    0.00    9.18    0.00    0.00    0.00    0.00    0.00    0.00   71.43

09:37:29 AM  CPU    %usr   %nice    %sys %iowait    %irq   %soft  %steal  %guest  %gnice   %idle
09:37:30 AM  all   18.47    0.00   13.39    0.00    0.00    6.37    0.00    0.00    0.00   61.77
09:37:30 AM    0   10.64    0.00    8.51    0.00    0.00   52.13    0.00    0.00    0.00   28.72
09:37:30 AM    1   25.51    0.00   19.39    0.00    0.00    0.00    0.00    0.00    0.00   55.10
09:37:30 AM    2   21.88    0.00   21.88    0.00    0.00    0.00    0.00    0.00    0.00   56.25
09:37:30 AM    3   21.98    0.00   12.09    0.00    0.00    0.00    0.00    0.00    0.00   65.93
09:37:30 AM    4   19.79    0.00   13.54    0.00    0.00    0.00    0.00    0.00    0.00   66.67
09:37:30 AM    5   15.46    0.00   11.34    0.00    0.00    0.00    0.00    0.00    0.00   73.20
09:37:30 AM    6   18.00    0.00   13.00    0.00    0.00    0.00    0.00    0.00    0.00   69.00
09:37:30 AM    7   14.43    0.00    7.22    0.00    0.00    0.00    0.00    0.00    0.00   78.35

09:37:30 AM  CPU    %usr   %nice    %sys %iowait    %irq   %soft  %steal  %guest  %gnice   %idle
09:37:31 AM  all   18.01    0.00    9.84    0.00    0.00    6.35    0.00    0.00    0.00   65.80
09:37:31 AM    0    7.37    0.00    7.37    0.00    0.00   51.58    0.00    0.00    0.00   33.68
09:37:31 AM    1   24.74    0.00    9.28    0.00    0.00    0.00    0.00    0.00    0.00   65.98
09:37:31 AM    2   23.47    0.00   12.24    0.00    0.00    0.00    0.00    0.00    0.00   64.29
09:37:31 AM    3   21.65    0.00    8.25    0.00    0.00    0.00    0.00    0.00    0.00   70.10
09:37:31 AM    4   15.62    0.00   11.46    0.00    0.00    0.00    0.00    0.00    0.00   72.92
09:37:31 AM    5   16.67    0.00    7.29    0.00    0.00    0.00    0.00    0.00    0.00   76.04
09:37:31 AM    6   20.83    0.00    9.38    0.00    0.00    0.00    0.00    0.00    0.00   69.79
09:37:31 AM    7   13.40    0.00   13.40    0.00    0.00    0.00    0.00    0.00    0.00   73.20

09:37:31 AM  CPU    %usr   %nice    %sys %iowait    %irq   %soft  %steal  %guest  %gnice   %idle
09:37:32 AM  all   19.28    0.00   11.18    0.00    0.00    6.43    0.00    0.00    0.00   63.11
09:37:32 AM    0    9.57    0.00    5.32    0.00    0.00   53.19    0.00    0.00    0.00   31.91
09:37:32 AM    1   22.34    0.00   11.70    0.00    0.00    0.00    0.00    0.00    0.00   65.96
09:37:32 AM    2   20.20    0.00   10.10    0.00    0.00    0.00    0.00    0.00    0.00   69.70
09:37:32 AM    3   24.49    0.00    7.14    0.00    0.00    0.00    0.00    0.00    0.00   68.37
09:37:32 AM    4   21.88    0.00   13.54    0.00    0.00    0.00    0.00    0.00    0.00   64.58
09:37:32 AM    5   17.35    0.00   11.22    0.00    0.00    0.00    0.00    0.00    0.00   71.43
09:37:32 AM    6   20.20    0.00   15.15    0.00    0.00    0.00    0.00    0.00    0.00   64.65
09:37:32 AM    7   18.00    0.00   15.00    0.00    0.00    0.00    0.00    0.00    0.00   67.00

09:37:32 AM  CPU    %usr   %nice    %sys %iowait    %irq   %soft  %steal  %guest  %gnice   %idle
09:37:33 AM  all   18.01    0.00   12.56    0.00    0.00    5.96    0.00    0.00    0.00   63.47
09:37:33 AM    0   17.53    0.00    7.22    0.00    0.00   47.42    0.00    0.00    0.00   27.84
09:37:33 AM    1   20.20    0.00   19.19    0.00    0.00    0.00    0.00    0.00    0.00   60.61
09:37:33 AM    2   17.71    0.00   15.62    0.00    0.00    0.00    0.00    0.00    0.00   66.67
09:37:33 AM    3   19.79    0.00   12.50    0.00    0.00    0.00    0.00    0.00    0.00   67.71
09:37:33 AM    4   16.16    0.00   17.17    0.00    0.00    0.00    0.00    0.00    0.00   66.67
09:37:33 AM    5   15.96    0.00   10.64    0.00    0.00    0.00    0.00    0.00    0.00   73.40
09:37:33 AM    6   15.46    0.00   11.34    0.00    0.00    0.00    0.00    0.00    0.00   73.20
09:37:33 AM    7   21.28    0.00    6.38    0.00    0.00    0.00    0.00    0.00    0.00   72.34

09:37:33 AM  CPU    %usr   %nice    %sys %iowait    %irq   %soft  %steal  %guest  %gnice   %idle
09:37:34 AM  all   20.67    0.00   13.70    0.00    0.00    6.59    0.00    0.00    0.00   59.04
09:37:34 AM    0    9.47    0.00    5.26    0.00    0.00   53.68    0.00    0.00    0.00   31.58
09:37:34 AM    1   26.32    0.00   14.74    0.00    0.00    0.00    0.00    0.00    0.00   58.95
09:37:34 AM    2   26.04    0.00   16.67    0.00    0.00    0.00    0.00    0.00    0.00   57.29
09:37:34 AM    3   25.51    0.00   13.27    0.00    0.00    0.00    0.00    0.00    0.00   61.22
09:37:34 AM    4   18.37    0.00   21.43    0.00    0.00    0.00    0.00    0.00    0.00   60.20
09:37:34 AM    5   22.92    0.00   16.67    0.00    0.00    0.00    0.00    0.00    0.00   60.42
09:37:34 AM    6   21.21    0.00   11.11    0.00    0.00    0.00    0.00    0.00    0.00   67.68
09:37:34 AM    7   15.46    0.00   10.31    0.00    0.00    0.00    0.00    0.00    0.00   74.23

09:37:34 AM  CPU    %usr   %nice    %sys %iowait    %irq   %soft  %steal  %guest  %gnice   %idle
09:37:35 AM  all   18.87    0.00   12.84    0.00    0.00    6.55    0.00    0.00    0.00   61.75
09:37:35 AM    0   14.14    0.00    7.07    0.00    0.00   51.52    0.00    0.00    0.00   27.27
09:37:35 AM    1   20.00    0.00   17.89    0.00    0.00    0.00    0.00    0.00    0.00   62.11
09:37:35 AM    2   23.96    0.00   12.50    0.00    0.00    0.00    0.00    0.00    0.00   63.54
09:37:35 AM    3   24.49    0.00   13.27    0.00    0.00    0.00    0.00    0.00    0.00   62.24
09:37:35 AM    4   15.31    0.00   17.35    0.00    0.00    0.00    0.00    0.00    0.00   67.35
09:37:35 AM    5   17.35    0.00   13.27    0.00    0.00    0.00    0.00    0.00    0.00   69.39
09:37:35 AM    6   16.49    0.00   12.37    0.00    0.00    0.00    0.00    0.00    0.00   71.13
09:37:35 AM    7   19.39    0.00    9.18    0.00    0.00    0.00    0.00    0.00    0.00   71.43

09:37:35 AM  CPU    %usr   %nice    %sys %iowait    %irq   %soft  %steal  %guest  %gnice   %idle
09:37:36 AM  all   21.09    0.00   14.10    0.00    0.00    7.24    0.00    0.00    0.00   57.56
09:37:36 AM    0   14.56    0.00    5.83    0.00    0.00   55.34    0.00    0.00    0.00   24.27
09:37:36 AM    1   27.18    0.00   19.42    0.00    0.00    0.00    0.00    0.00    0.00   53.40
09:37:36 AM    2   28.12    0.00   17.71    0.00    0.00    0.00    0.00    0.00    0.00   54.17
09:37:36 AM    3   24.49    0.00   19.39    0.00    0.00    0.00    0.00    0.00    0.00   56.12
09:37:36 AM    4   17.20    0.00   10.75    0.00    0.00    0.00    0.00    0.00    0.00   72.04
09:37:36 AM    5   21.21    0.00   15.15    0.00    0.00    0.00    0.00    0.00    0.00   63.64
09:37:36 AM    6   19.39    0.00   13.27    0.00    0.00    0.00    0.00    0.00    0.00   67.35
09:37:36 AM    7   16.49    0.00   11.34    0.00    0.00    0.00    0.00    0.00    0.00   72.16

09:37:36 AM  CPU    %usr   %nice    %sys %iowait    %irq   %soft  %steal  %guest  %gnice   %idle
09:37:37 AM  all   17.40    0.00   12.99    0.00    0.00    7.01    0.00    0.00    0.00   62.60
09:37:37 AM    0   11.58    0.00    4.21    0.00    0.00   56.84    0.00    0.00    0.00   27.37
09:37:37 AM    1   18.28    0.00   13.98    0.00    0.00    0.00    0.00    0.00    0.00   67.74
09:37:37 AM    2   26.53    0.00   19.39    0.00    0.00    0.00    0.00    0.00    0.00   54.08
09:37:37 AM    3   19.59    0.00   20.62    0.00    0.00    0.00    0.00    0.00    0.00   59.79
09:37:37 AM    4   16.33    0.00   18.37    0.00    0.00    0.00    0.00    0.00    0.00   65.31
09:37:37 AM    5   17.89    0.00    8.42    0.00    0.00    0.00    0.00    0.00    0.00   73.68
09:37:37 AM    6   15.15    0.00   11.11    0.00    0.00    0.00    0.00    0.00    0.00   73.74
09:37:37 AM    7   13.68    0.00    7.37    0.00    0.00    0.00    0.00    0.00    0.00   78.95

09:37:37 AM  CPU    %usr   %nice    %sys %iowait    %irq   %soft  %steal  %guest  %gnice   %idle
09:37:38 AM  all   19.15    0.00   12.94    0.00    0.00    6.99    0.00    0.00    0.00   60.93
09:37:38 AM    0   10.10    0.00    7.07    0.00    0.00   54.55    0.00    0.00    0.00   28.28
09:37:38 AM    1   22.68    0.00   14.43    0.00    0.00    0.00    0.00    0.00    0.00   62.89
09:37:38 AM    2   26.80    0.00   17.53    0.00    0.00    0.00    0.00    0.00    0.00   55.67
09:37:38 AM    3   22.68    0.00   19.59    0.00    0.00    0.00    0.00    0.00    0.00   57.73
09:37:38 AM    4   19.15    0.00   13.83    0.00    0.00    0.00    0.00    0.00    0.00   67.02
09:37:38 AM    5   21.05    0.00   10.53    0.00    0.00    0.00    0.00    0.00    0.00   68.42
09:37:38 AM    6   17.35    0.00   11.22    0.00    0.00    0.00    0.00    0.00    0.00   71.43
09:37:38 AM    7   13.54    0.00    9.38    0.00    0.00    0.00    0.00    0.00    0.00   77.08

09:37:38 AM  CPU    %usr   %nice    %sys %iowait    %irq   %soft  %steal  %guest  %gnice   %idle
09:37:39 AM  all   16.58    0.00   12.31    0.00    0.00    6.09    0.00    0.00    0.00   65.03
09:37:39 AM    0    7.69    0.00    4.40    0.00    0.00   51.65    0.00    0.00    0.00   36.26
09:37:39 AM    1   24.74    0.00   13.40    0.00    0.00    0.00    0.00    0.00    0.00   61.86
09:37:39 AM    2   23.47    0.00   18.37    0.00    0.00    0.00    0.00    0.00    0.00   58.16
09:37:39 AM    3   20.41    0.00   15.31    0.00    0.00    0.00    0.00    0.00    0.00   64.29
09:37:39 AM    4   12.24    0.00   15.31    0.00    0.00    0.00    0.00    0.00    0.00   72.45
09:37:39 AM    5   16.49    0.00    8.25    0.00    0.00    0.00    0.00    0.00    0.00   75.26
09:37:39 AM    6   13.54    0.00   12.50    0.00    0.00    0.00    0.00    0.00    0.00   73.96
09:37:39 AM    7   13.40    0.00   10.31    0.00    0.00    0.00    0.00    0.00    0.00   76.29

09:37:39 AM  CPU    %usr   %nice    %sys %iowait    %irq   %soft  %steal  %guest  %gnice   %idle
09:37:40 AM  all   18.81    0.00   12.50    0.00    0.00    6.96    0.00    0.00    0.00   61.73
09:37:40 AM    0   10.00    0.00    8.00    0.00    0.00   54.00    0.00    0.00    0.00   28.00
09:37:40 AM    1   21.88    0.00   12.50    0.00    0.00    0.00    0.00    0.00    0.00   65.62
09:37:40 AM    2   27.08    0.00   12.50    0.00    0.00    0.00    0.00    0.00    0.00   60.42
09:37:40 AM    3   21.21    0.00   17.17    0.00    0.00    0.00    0.00    0.00    0.00   61.62
09:37:40 AM    4   20.83    0.00   14.58    0.00    0.00    0.00    0.00    0.00    0.00   64.58
09:37:40 AM    5   16.49    0.00   12.37    0.00    0.00    0.00    0.00    0.00    0.00   71.13
09:37:40 AM    6   17.02    0.00   12.77    0.00    0.00    0.00    0.00    0.00    0.00   70.21
09:37:40 AM    7   16.33    0.00   10.20    0.00    0.00    0.00    0.00    0.00    0.00   73.47

09:37:40 AM  CPU    %usr   %nice    %sys %iowait    %irq   %soft  %steal  %guest  %gnice   %idle
09:37:41 AM  all   18.03    0.00   12.28    0.00    0.00    6.52    0.00    0.00    0.00   63.17
09:37:41 AM    0   12.24    0.00    3.06    0.00    0.00   52.04    0.00    0.00    0.00   32.65
09:37:41 AM    1   25.00    0.00   15.62    0.00    0.00    0.00    0.00    0.00    0.00   59.38
09:37:41 AM    2   24.49    0.00   11.22    0.00    0.00    0.00    0.00    0.00    0.00   64.29
09:37:41 AM    3   22.22    0.00   20.20    0.00    0.00    0.00    0.00    0.00    0.00   57.58
09:37:41 AM    4   17.00    0.00   13.00    0.00    0.00    0.00    0.00    0.00    0.00   70.00
09:37:41 AM    5   17.35    0.00   12.24    0.00    0.00    0.00    0.00    0.00    0.00   70.41
09:37:41 AM    6   15.31    0.00   11.22    0.00    0.00    0.00    0.00    0.00    0.00   73.47
09:37:41 AM    7   10.53    0.00   11.58    0.00    0.00    0.00    0.00    0.00    0.00   77.89

09:37:41 AM  CPU    %usr   %nice    %sys %iowait    %irq   %soft  %steal  %guest  %gnice   %idle
09:37:42 AM  all   17.35    0.00   11.61    0.00    0.00    6.38    0.00    0.00    0.00   64.67
09:37:42 AM    0   10.78    0.00    9.80    0.00    0.00   49.02    0.00    0.00    0.00   30.39
09:37:42 AM    1   19.39    0.00   18.37    0.00    0.00    0.00    0.00    0.00    0.00   62.24
09:37:42 AM    2   20.20    0.00   16.16    0.00    0.00    0.00    0.00    0.00    0.00   63.64
09:37:42 AM    3   21.21    0.00    9.09    0.00    0.00    0.00    0.00    0.00    0.00   69.70
09:37:42 AM    4   16.84    0.00    9.47    0.00    0.00    0.00    0.00    0.00    0.00   73.68
09:37:42 AM    5   19.79    0.00    6.25    0.00    0.00    0.00    0.00    0.00    0.00   73.96
09:37:42 AM    6   16.67    0.00   11.46    0.00    0.00    0.00    0.00    0.00    0.00   71.88
09:37:42 AM    7   14.14    0.00   12.12    0.00    0.00    0.00    0.00    0.00    0.00   73.74

09:37:42 AM  CPU    %usr   %nice    %sys %iowait    %irq   %soft  %steal  %guest  %gnice   %idle
09:37:43 AM  all   16.21    0.00   11.67    0.00    0.00    6.49    0.00    0.00    0.00   65.63
09:37:43 AM    0   11.11    0.00   10.10    0.00    0.00   50.51    0.00    0.00    0.00   28.28
09:37:43 AM    1   22.34    0.00   13.83    0.00    0.00    0.00    0.00    0.00    0.00   63.83
09:37:43 AM    2   22.11    0.00   15.79    0.00    0.00    0.00    0.00    0.00    0.00   62.11
09:37:43 AM    3   21.43    0.00   11.22    0.00    0.00    0.00    0.00    0.00    0.00   67.35
09:37:43 AM    4   13.68    0.00    8.42    0.00    0.00    0.00    0.00    0.00    0.00   77.89
09:37:43 AM    5   13.40    0.00    8.25    0.00    0.00    0.00    0.00    0.00    0.00   78.35
09:37:43 AM    6   15.62    0.00   12.50    0.00    0.00    0.00    0.00    0.00    0.00   71.88
09:37:43 AM    7   10.31    0.00   13.40    0.00    0.00    0.00    0.00    0.00    0.00   76.29

Average:     CPU    %usr   %nice    %sys %iowait    %irq   %soft  %steal  %guest  %gnice   %idle
Average:     all   18.16    0.00   12.48    0.00    0.00    6.43    0.00    0.00    0.00   62.92
Average:       0   11.11    0.00    7.41    0.00    0.00   51.71    0.00    0.00    0.00   29.78
Average:       1   23.32    0.00   15.12    0.00    0.00    0.00    0.00    0.00    0.00   61.56
Average:       2   22.61    0.00   16.11    0.00    0.00    0.00    0.00    0.00    0.00   61.28
Average:       3   22.63    0.00   14.29    0.00    0.00    0.00    0.00    0.00    0.00   63.09
Average:       4   16.35    0.00   13.72    0.00    0.00    0.00    0.00    0.00    0.00   69.93
Average:       5   17.12    0.00   11.61    0.00    0.00    0.00    0.00    0.00    0.00   71.27
Average:       6   16.67    0.00   11.15    0.00    0.00    0.00    0.00    0.00    0.00   72.18
Average:       7   15.48    0.00   10.46    0.00    0.00    0.00    0.00    0.00    0.00   74.06
