Linux 6.1.141 (king) 	08/20/2026 	_aarch64_	(8 CPU)

10:16:50 AM  CPU    %usr   %nice    %sys %iowait    %irq   %soft  %steal  %guest  %gnice   %idle
10:16:51 AM  all   26.74    0.00   18.51    0.00    0.00   10.67    0.00    0.00    0.00   44.09
10:16:51 AM    0    1.03    0.00    1.03    0.00    0.00   85.57    0.00    0.00    0.00   12.37
10:16:51 AM    1   27.55    0.00   11.22    0.00    0.00    0.00    0.00    0.00    0.00   61.22
10:16:51 AM    2   27.72    0.00   17.82    0.00    0.00    0.00    0.00    0.00    0.00   54.46
10:16:51 AM    3   29.29    0.00   16.16    0.00    0.00    0.00    0.00    0.00    0.00   54.55
10:16:51 AM    4   34.02    0.00   25.77    0.00    0.00    0.00    0.00    0.00    0.00   40.21
10:16:51 AM    5   35.05    0.00   24.74    0.00    0.00    0.00    0.00    0.00    0.00   40.21
10:16:51 AM    6   32.26    0.00   24.73    0.00    0.00    0.00    0.00    0.00    0.00   43.01
10:16:51 AM    7   27.08    0.00   27.08    0.00    0.00    0.00    0.00    0.00    0.00   45.83

10:16:51 AM  CPU    %usr   %nice    %sys %iowait    %irq   %soft  %steal  %guest  %gnice   %idle
10:16:52 AM  all   27.93    0.00   19.05    0.00    0.00   10.81    0.00    0.00    0.00   42.21
10:16:52 AM    0    3.03    0.00    0.00    0.00    0.00   84.85    0.00    0.00    0.00   12.12
10:16:52 AM    1   22.34    0.00   11.70    0.00    0.00    0.00    0.00    0.00    0.00   65.96
10:16:52 AM    2   28.57    0.00   14.29    0.00    0.00    0.00    0.00    0.00    0.00   57.14
10:16:52 AM    3   27.08    0.00   11.46    0.00    0.00    0.00    0.00    0.00    0.00   61.46
10:16:52 AM    4   35.79    0.00   29.47    0.00    0.00    0.00    0.00    0.00    0.00   34.74
10:16:52 AM    5   37.37    0.00   28.28    0.00    0.00    0.00    0.00    0.00    0.00   34.34
10:16:52 AM    6   37.11    0.00   27.84    0.00    0.00    0.00    0.00    0.00    0.00   35.05
10:16:52 AM    7   32.32    0.00   29.29    0.00    0.00    0.00    0.00    0.00    0.00   38.38

10:16:52 AM  CPU    %usr   %nice    %sys %iowait    %irq   %soft  %steal  %guest  %gnice   %idle
10:16:53 AM  all   28.81    0.00   19.04    0.00    0.00   11.60    0.00    0.00    0.00   40.55
10:16:53 AM    0    0.00    0.00    1.02    0.00    0.00   90.82    0.00    0.00    0.00    8.16
10:16:53 AM    1   20.83    0.00   18.75    0.00    0.00    0.00    0.00    0.00    0.00   60.42
10:16:53 AM    2   28.12    0.00   16.67    0.00    0.00    0.00    0.00    0.00    0.00   55.21
10:16:53 AM    3   32.99    0.00   12.37    0.00    0.00    0.00    0.00    0.00    0.00   54.64
10:16:53 AM    4   34.74    0.00   29.47    0.00    0.00    0.00    0.00    0.00    0.00   35.79
10:16:53 AM    5   37.50    0.00   28.12    0.00    0.00    0.00    0.00    0.00    0.00   34.38
10:16:53 AM    6   39.78    0.00   21.51    0.00    0.00    0.00    0.00    0.00    0.00   38.71
10:16:53 AM    7   37.50    0.00   25.00    0.00    0.00    0.00    0.00    0.00    0.00   37.50

10:16:53 AM  CPU    %usr   %nice    %sys %iowait    %irq   %soft  %steal  %guest  %gnice   %idle
10:16:54 AM  all   28.92    0.00   19.36    0.25    0.00   11.08    0.00    0.00    0.00   40.38
10:16:54 AM    0    1.98    0.00    0.99    0.00    0.00   86.14    0.00    0.00    0.00   10.89
10:16:54 AM    1   23.47    0.00   13.27    0.00    0.00    0.00    0.00    0.00    0.00   63.27
10:16:54 AM    2   23.71    0.00    9.28    1.03    0.00    0.00    0.00    0.00    0.00   65.98
10:16:54 AM    3   31.68    0.00   16.83    0.99    0.00    0.00    0.00    0.00    0.00   50.50
10:16:54 AM    4   36.46    0.00   29.17    0.00    0.00    0.00    0.00    0.00    0.00   34.38
10:16:54 AM    5   39.39    0.00   28.28    0.00    0.00    0.00    0.00    0.00    0.00   32.32
10:16:54 AM    6   37.76    0.00   29.59    0.00    0.00    0.00    0.00    0.00    0.00   32.65
10:16:54 AM    7   37.89    0.00   28.42    0.00    0.00    0.00    0.00    0.00    0.00   33.68

10:16:54 AM  CPU    %usr   %nice    %sys %iowait    %irq   %soft  %steal  %guest  %gnice   %idle
10:16:55 AM  all   26.87    0.00   19.25    0.00    0.00   10.98    0.00    0.00    0.00   42.89
10:16:55 AM    0    2.00    0.00    2.00    0.00    0.00   85.00    0.00    0.00    0.00   11.00
10:16:55 AM    1   22.92    0.00   11.46    0.00    0.00    0.00    0.00    0.00    0.00   65.62
10:16:55 AM    2   20.65    0.00    9.78    0.00    0.00    0.00    0.00    0.00    0.00   69.57
10:16:55 AM    3   31.31    0.00   15.15    0.00    0.00    0.00    0.00    0.00    0.00   53.54
10:16:55 AM    4   32.29    0.00   28.12    0.00    0.00    0.00    0.00    0.00    0.00   39.58
10:16:55 AM    5   33.67    0.00   29.59    0.00    0.00    0.00    0.00    0.00    0.00   36.73
10:16:55 AM    6   34.38    0.00   30.21    0.00    0.00    0.00    0.00    0.00    0.00   35.42
10:16:55 AM    7   38.14    0.00   27.84    0.00    0.00    0.00    0.00    0.00    0.00   34.02

10:16:55 AM  CPU    %usr   %nice    %sys %iowait    %irq   %soft  %steal  %guest  %gnice   %idle
10:16:56 AM  all   29.62    0.00   18.50    0.00    0.00   11.77    0.00    0.00    0.00   40.10
10:16:56 AM    0    0.00    0.00    1.02    0.00    0.00   92.86    0.00    0.00    0.00    6.12
10:16:56 AM    1   29.47    0.00   13.68    0.00    0.00    0.00    0.00    0.00    0.00   56.84
10:16:56 AM    2   29.47    0.00   15.79    0.00    0.00    0.00    0.00    0.00    0.00   54.74
10:16:56 AM    3   31.63    0.00   15.31    0.00    0.00    0.00    0.00    0.00    0.00   53.06
10:16:56 AM    4   35.71    0.00   28.57    0.00    0.00    0.00    0.00    0.00    0.00   35.71
10:16:56 AM    5   38.30    0.00   22.34    0.00    0.00    0.00    0.00    0.00    0.00   39.36
10:16:56 AM    6   35.35    0.00   26.26    0.00    0.00    0.00    0.00    0.00    0.00   38.38
10:16:56 AM    7   37.50    0.00   25.00    0.00    0.00    0.00    0.00    0.00    0.00   37.50

10:16:56 AM  CPU    %usr   %nice    %sys %iowait    %irq   %soft  %steal  %guest  %gnice   %idle
10:16:57 AM  all   28.85    0.00   19.84    0.00    0.00   11.36    0.00    0.00    0.00   39.95
10:16:57 AM    0    2.94    0.00    0.98    0.00    0.00   85.29    0.00    0.00    0.00   10.78
10:16:57 AM    1   22.11    0.00    9.47    0.00    0.00    0.00    0.00    0.00    0.00   68.42
10:16:57 AM    2   21.88    0.00    8.33    0.00    0.00    0.00    0.00    0.00    0.00   69.79
10:16:57 AM    3   33.68    0.00   11.58    0.00    0.00    0.00    0.00    0.00    0.00   54.74
10:16:57 AM    4   30.85    0.00   36.17    0.00    0.00    0.00    0.00    0.00    0.00   32.98
10:16:57 AM    5   39.58    0.00   32.29    0.00    0.00    0.00    0.00    0.00    0.00   28.12
10:16:57 AM    6   41.30    0.00   28.26    0.00    0.00    0.00    0.00    0.00    0.00   30.43
10:16:57 AM    7   40.62    0.00   33.33    0.00    0.00    0.00    0.00    0.00    0.00   26.04

10:16:57 AM  CPU    %usr   %nice    %sys %iowait    %irq   %soft  %steal  %guest  %gnice   %idle
10:16:58 AM  all   27.71    0.00   20.10    0.00    0.00   10.70    0.00    0.00    0.00   41.49
10:16:58 AM    0    0.00    0.00    1.05    0.00    0.00   87.37    0.00    0.00    0.00   11.58
10:16:58 AM    1   25.00    0.00   15.00    0.00    0.00    0.00    0.00    0.00    0.00   60.00
10:16:58 AM    2   19.59    0.00   12.37    0.00    0.00    0.00    0.00    0.00    0.00   68.04
10:16:58 AM    3   25.26    0.00   10.53    0.00    0.00    0.00    0.00    0.00    0.00   64.21
10:16:58 AM    4   37.37    0.00   32.32    0.00    0.00    0.00    0.00    0.00    0.00   30.30
10:16:58 AM    5   37.76    0.00   28.57    0.00    0.00    0.00    0.00    0.00    0.00   33.67
10:16:58 AM    6   38.14    0.00   30.93    0.00    0.00    0.00    0.00    0.00    0.00   30.93
10:16:58 AM    7   37.89    0.00   29.47    0.00    0.00    0.00    0.00    0.00    0.00   32.63

10:16:58 AM  CPU    %usr   %nice    %sys %iowait    %irq   %soft  %steal  %guest  %gnice   %idle
10:16:59 AM  all   28.57    0.00   19.52    0.00    0.00   10.97    0.00    0.00    0.00   40.94
10:16:59 AM    0    2.00    0.00    1.00    0.00    0.00   86.00    0.00    0.00    0.00   11.00
10:16:59 AM    1   26.80    0.00   16.49    0.00    0.00    0.00    0.00    0.00    0.00   56.70
10:16:59 AM    2   26.04    0.00   14.58    0.00    0.00    0.00    0.00    0.00    0.00   59.38
10:16:59 AM    3   29.29    0.00   17.17    0.00    0.00    0.00    0.00    0.00    0.00   53.54
10:16:59 AM    4   34.02    0.00   28.87    0.00    0.00    0.00    0.00    0.00    0.00   37.11
10:16:59 AM    5   39.58    0.00   22.92    0.00    0.00    0.00    0.00    0.00    0.00   37.50
10:16:59 AM    6   34.69    0.00   26.53    0.00    0.00    0.00    0.00    0.00    0.00   38.78
10:16:59 AM    7   36.63    0.00   28.71    0.00    0.00    0.00    0.00    0.00    0.00   34.65

10:16:59 AM  CPU    %usr   %nice    %sys %iowait    %irq   %soft  %steal  %guest  %gnice   %idle
10:17:00 AM  all   27.43    0.00   17.19    0.00    0.00   10.76    0.00    0.00    0.00   44.62
10:17:00 AM    0    1.04    0.00    1.04    0.00    0.00   85.42    0.00    0.00    0.00   12.50
10:17:00 AM    1   27.37    0.00   16.84    0.00    0.00    0.00    0.00    0.00    0.00   55.79
10:17:00 AM    2   25.00    0.00   14.58    0.00    0.00    0.00    0.00    0.00    0.00   60.42
10:17:00 AM    3   29.90    0.00   12.37    0.00    0.00    0.00    0.00    0.00    0.00   57.73
10:17:00 AM    4   37.37    0.00   23.23    0.00    0.00    0.00    0.00    0.00    0.00   39.39
10:17:00 AM    5   33.33    0.00   22.58    0.00    0.00    0.00    0.00    0.00    0.00   44.09
10:17:00 AM    6   33.70    0.00   21.74    0.00    0.00    0.00    0.00    0.00    0.00   44.57
10:17:00 AM    7   31.91    0.00   25.53    0.00    0.00    0.00    0.00    0.00    0.00   42.55

10:17:00 AM  CPU    %usr   %nice    %sys %iowait    %irq   %soft  %steal  %guest  %gnice   %idle
10:17:01 AM  all   27.73    0.00   18.75    0.00    0.00   11.07    0.00    0.00    0.00   42.45
10:17:01 AM    0    1.03    0.00    0.00    0.00    0.00   87.63    0.00    0.00    0.00   11.34
10:17:01 AM    1   25.51    0.00   13.27    0.00    0.00    0.00    0.00    0.00    0.00   61.22
10:17:01 AM    2   26.60    0.00   13.83    0.00    0.00    0.00    0.00    0.00    0.00   59.57
10:17:01 AM    3   27.84    0.00   13.40    0.00    0.00    0.00    0.00    0.00    0.00   58.76
10:17:01 AM    4   36.17    0.00   25.53    0.00    0.00    0.00    0.00    0.00    0.00   38.30
10:17:01 AM    5   39.36    0.00   24.47    0.00    0.00    0.00    0.00    0.00    0.00   36.17
10:17:01 AM    6   33.33    0.00   28.12    0.00    0.00    0.00    0.00    0.00    0.00   38.54
10:17:01 AM    7   32.65    0.00   31.63    0.00    0.00    0.00    0.00    0.00    0.00   35.71

10:17:01 AM  CPU    %usr   %nice    %sys %iowait    %irq   %soft  %steal  %guest  %gnice   %idle
10:17:02 AM  all   28.79    0.00   18.81    0.00    0.00   11.02    0.00    0.00    0.00   41.37
10:17:02 AM    0    1.01    0.00    2.02    0.00    0.00   85.86    0.00    0.00    0.00   11.11
10:17:02 AM    1   27.37    0.00   10.53    0.00    0.00    0.00    0.00    0.00    0.00   62.11
10:17:02 AM    2   26.04    0.00   11.46    0.00    0.00    0.00    0.00    0.00    0.00   62.50
10:17:02 AM    3   29.17    0.00   17.71    0.00    0.00    0.00    0.00    0.00    0.00   53.12
10:17:02 AM    4   38.95    0.00   25.26    0.00    0.00    0.00    0.00    0.00    0.00   35.79
10:17:02 AM    5   38.54    0.00   27.08    0.00    0.00    0.00    0.00    0.00    0.00   34.38
10:17:02 AM    6   37.11    0.00   26.80    0.00    0.00    0.00    0.00    0.00    0.00   36.08
10:17:02 AM    7   32.99    0.00   29.90    0.00    0.00    0.00    0.00    0.00    0.00   37.11

10:17:02 AM  CPU    %usr   %nice    %sys %iowait    %irq   %soft  %steal  %guest  %gnice   %idle
10:17:03 AM  all   28.24    0.00   17.33    0.00    0.00   10.40    0.00    0.00    0.00   44.03
10:17:03 AM    0    2.02    0.00    2.02    0.00    0.00   81.82    0.00    0.00    0.00   14.14
10:17:03 AM    1   23.47    0.00   11.22    0.00    0.00    0.00    0.00    0.00    0.00   65.31
10:17:03 AM    2   26.80    0.00   10.31    0.00    0.00    0.00    0.00    0.00    0.00   62.89
10:17:03 AM    3   31.63    0.00   10.20    0.00    0.00    0.00    0.00    0.00    0.00   58.16
10:17:03 AM    4   37.11    0.00   26.80    0.00    0.00    0.00    0.00    0.00    0.00   36.08
10:17:03 AM    5   34.02    0.00   28.87    0.00    0.00    0.00    0.00    0.00    0.00   37.11
10:17:03 AM    6   35.71    0.00   27.55    0.00    0.00    0.00    0.00    0.00    0.00   36.73
10:17:03 AM    7   35.79    0.00   22.11    0.00    0.00    0.00    0.00    0.00    0.00   42.11

10:17:03 AM  CPU    %usr   %nice    %sys %iowait    %irq   %soft  %steal  %guest  %gnice   %idle
10:17:04 AM  all   28.53    0.00   19.84    0.00    0.00   11.02    0.00    0.00    0.00   40.60
10:17:04 AM    0    0.00    0.00    1.04    0.00    0.00   88.54    0.00    0.00    0.00   10.42
10:17:04 AM    1   25.77    0.00   12.37    0.00    0.00    0.00    0.00    0.00    0.00   61.86
10:17:04 AM    2   21.88    0.00    8.33    0.00    0.00    0.00    0.00    0.00    0.00   69.79
10:17:04 AM    3   27.84    0.00   18.56    0.00    0.00    0.00    0.00    0.00    0.00   53.61
10:17:04 AM    4   35.35    0.00   33.33    0.00    0.00    0.00    0.00    0.00    0.00   31.31
10:17:04 AM    5   38.54    0.00   29.17    0.00    0.00    0.00    0.00    0.00    0.00   32.29
10:17:04 AM    6   40.00    0.00   26.32    0.00    0.00    0.00    0.00    0.00    0.00   33.68
10:17:04 AM    7   38.95    0.00   29.47    0.00    0.00    0.00    0.00    0.00    0.00   31.58

10:17:04 AM  CPU    %usr   %nice    %sys %iowait    %irq   %soft  %steal  %guest  %gnice   %idle
10:17:05 AM  all   28.50    0.00   19.08    0.13    0.00   10.94    0.00    0.00    0.00   41.35
10:17:05 AM    0    2.02    0.00    1.01    0.00    0.00   86.87    0.00    0.00    0.00   10.10
10:17:05 AM    1   29.29    0.00   17.17    0.00    0.00    0.00    0.00    0.00    0.00   53.54
10:17:05 AM    2   27.55    0.00   15.31    0.00    0.00    0.00    0.00    0.00    0.00   57.14
10:17:05 AM    3   30.39    0.00   14.71    0.98    0.00    0.00    0.00    0.00    0.00   53.92
10:17:05 AM    4   38.14    0.00   24.74    0.00    0.00    0.00    0.00    0.00    0.00   37.11
10:17:05 AM    5   30.93    0.00   26.80    0.00    0.00    0.00    0.00    0.00    0.00   42.27
10:17:05 AM    6   34.74    0.00   25.26    0.00    0.00    0.00    0.00    0.00    0.00   40.00
10:17:05 AM    7   35.35    0.00   28.28    0.00    0.00    0.00    0.00    0.00    0.00   36.36

10:17:05 AM  CPU    %usr   %nice    %sys %iowait    %irq   %soft  %steal  %guest  %gnice   %idle
10:17:06 AM  all   29.88    0.00   20.70    0.00    0.00   11.51    0.00    0.00    0.00   37.90
10:17:06 AM    0    1.01    0.00    1.01    0.00    0.00   88.89    0.00    0.00    0.00    9.09
10:17:06 AM    1   20.83    0.00   15.62    0.00    0.00    0.00    0.00    0.00    0.00   63.54
10:17:06 AM    2   26.80    0.00   12.37    0.00    0.00    0.00    0.00    0.00    0.00   60.82
10:17:06 AM    3   26.88    0.00    8.60    0.00    0.00    0.00    0.00    0.00    0.00   64.52
10:17:06 AM    4   41.24    0.00   29.90    0.00    0.00    0.00    0.00    0.00    0.00   28.87
10:17:06 AM    5   36.73    0.00   36.73    0.00    0.00    1.02    0.00    0.00    0.00   25.51
10:17:06 AM    6   41.67    0.00   29.17    0.00    0.00    0.00    0.00    0.00    0.00   29.17
10:17:06 AM    7   44.33    0.00   31.96    0.00    0.00    0.00    0.00    0.00    0.00   23.71

10:17:06 AM  CPU    %usr   %nice    %sys %iowait    %irq   %soft  %steal  %guest  %gnice   %idle
10:17:07 AM  all   28.08    0.00   19.23    0.00    0.00   10.51    0.00    0.00    0.00   42.18
10:17:07 AM    0    1.94    0.00    3.88    0.00    0.00   79.61    0.00    0.00    0.00   14.56
10:17:07 AM    1   22.92    0.00   12.50    0.00    0.00    0.00    0.00    0.00    0.00   64.58
10:17:07 AM    2   25.25    0.00    9.09    0.00    0.00    0.00    0.00    0.00    0.00   65.66
10:17:07 AM    3   14.74    0.00    7.37    0.00    0.00    0.00    0.00    0.00    0.00   77.89
10:17:07 AM    4   40.82    0.00   30.61    0.00    0.00    0.00    0.00    0.00    0.00   28.57
10:17:07 AM    5   40.21    0.00   29.90    0.00    0.00    0.00    0.00    0.00    0.00   29.90
10:17:07 AM    6   39.58    0.00   31.25    0.00    0.00    0.00    0.00    0.00    0.00   29.17
10:17:07 AM    7   40.62    0.00   30.21    0.00    0.00    0.00    0.00    0.00    0.00   29.17

10:17:07 AM  CPU    %usr   %nice    %sys %iowait    %irq   %soft  %steal  %guest  %gnice   %idle
10:17:08 AM  all   27.88    0.00   18.72    0.00    0.00   11.39    0.00    0.00    0.00   42.02
10:17:08 AM    0    0.00    0.00    1.04    0.00    0.00   90.62    0.00    0.00    0.00    8.33
10:17:08 AM    1   27.84    0.00   14.43    0.00    0.00    0.00    0.00    0.00    0.00   57.73
10:17:08 AM    2   30.93    0.00   14.43    0.00    0.00    0.00    0.00    0.00    0.00   54.64
10:17:08 AM    3   28.87    0.00   17.53    0.00    0.00    0.00    0.00    0.00    0.00   53.61
10:17:08 AM    4   34.04    0.00   25.53    0.00    0.00    0.00    0.00    0.00    0.00   40.43
10:17:08 AM    5   32.98    0.00   27.66    0.00    0.00    0.00    0.00    0.00    0.00   39.36
10:17:08 AM    6   34.74    0.00   25.26    0.00    0.00    0.00    0.00    0.00    0.00   40.00
10:17:08 AM    7   34.04    0.00   24.47    0.00    0.00    0.00    0.00    0.00    0.00   41.49

10:17:08 AM  CPU    %usr   %nice    %sys %iowait    %irq   %soft  %steal  %guest  %gnice   %idle
10:17:09 AM  all   28.39    0.00   19.92    0.00    0.00   10.94    0.00    0.00    0.00   40.76
10:17:09 AM    0    1.02    0.00    1.02    0.00    0.00   85.71    0.00    0.00    0.00   12.24
10:17:09 AM    1   20.83    0.00   10.42    0.00    0.00    0.00    0.00    0.00    0.00   68.75
10:17:09 AM    2   24.21    0.00   11.58    0.00    0.00    0.00    0.00    0.00    0.00   64.21
10:17:09 AM    3   27.84    0.00   13.40    0.00    0.00    0.00    0.00    0.00    0.00   58.76
10:17:09 AM    4   38.30    0.00   32.98    0.00    0.00    0.00    0.00    0.00    0.00   28.72
10:17:09 AM    5   36.08    0.00   30.93    0.00    0.00    0.00    0.00    0.00    0.00   32.99
10:17:09 AM    6   40.62    0.00   31.25    0.00    0.00    0.00    0.00    0.00    0.00   28.12
10:17:09 AM    7   38.95    0.00   28.42    0.00    0.00    0.00    0.00    0.00    0.00   32.63

10:17:09 AM  CPU    %usr   %nice    %sys %iowait    %irq   %soft  %steal  %guest  %gnice   %idle
10:17:10 AM  all   27.46    0.00   18.14    0.00    0.00   10.22    0.00    0.00    0.00   44.19
10:17:10 AM    0    4.00    0.00    3.00    0.00    0.00   80.00    0.00    0.00    0.00   13.00
10:17:10 AM    1   30.53    0.00   13.68    0.00    0.00    0.00    0.00    0.00    0.00   55.79
10:17:10 AM    2   25.77    0.00   13.40    0.00    0.00    0.00    0.00    0.00    0.00   60.82
10:17:10 AM    3   27.72    0.00   17.82    0.00    0.00    0.00    0.00    0.00    0.00   54.46
10:17:10 AM    4   31.00    0.00   30.00    0.00    0.00    0.00    0.00    0.00    0.00   39.00
10:17:10 AM    5   29.17    0.00   26.04    0.00    0.00    0.00    0.00    0.00    0.00   44.79
10:17:10 AM    6   38.78    0.00   20.41    0.00    0.00    0.00    0.00    0.00    0.00   40.82
10:17:10 AM    7   33.33    0.00   20.83    0.00    0.00    0.00    0.00    0.00    0.00   45.83

10:17:10 AM  CPU    %usr   %nice    %sys %iowait    %irq   %soft  %steal  %guest  %gnice   %idle
10:17:11 AM  all   26.32    0.00   17.72    0.00    0.00   10.53    0.00    0.00    0.00   45.44
10:17:11 AM    0    2.00    0.00    1.00    0.00    0.00   82.00    0.00    0.00    0.00   15.00
10:17:11 AM    1   19.39    0.00   12.24    0.00    0.00    0.00    0.00    0.00    0.00   68.37
10:17:11 AM    2   26.53    0.00   15.31    0.00    0.00    0.00    0.00    0.00    0.00   58.16
10:17:11 AM    3   34.74    0.00   15.79    0.00    0.00    0.00    0.00    0.00    0.00   49.47
10:17:11 AM    4   33.33    0.00   22.92    0.00    0.00    0.00    0.00    0.00    0.00   43.75
10:17:11 AM    5   33.67    0.00   25.51    0.00    0.00    0.00    0.00    0.00    0.00   40.82
10:17:11 AM    6   30.21    0.00   26.04    0.00    0.00    0.00    0.00    0.00    0.00   43.75
10:17:11 AM    7   31.63    0.00   23.47    0.00    0.00    0.00    0.00    0.00    0.00   44.90

10:17:11 AM  CPU    %usr   %nice    %sys %iowait    %irq   %soft  %steal  %guest  %gnice   %idle
10:17:12 AM  all   27.65    0.00   19.12    0.00    0.00   10.59    0.00    0.00    0.00   42.64
10:17:12 AM    0    1.02    0.00    2.04    0.00    0.00   83.67    0.00    0.00    0.00   13.27
10:17:12 AM    1   24.21    0.00   10.53    0.00    0.00    0.00    0.00    0.00    0.00   65.26
10:17:12 AM    2   20.00    0.00    9.47    0.00    0.00    0.00    0.00    0.00    0.00   70.53
10:17:12 AM    3   30.30    0.00   12.12    0.00    0.00    0.00    0.00    0.00    0.00   57.58
10:17:12 AM    4   35.11    0.00   29.79    0.00    0.00    0.00    0.00    0.00    0.00   35.11
10:17:12 AM    5   38.14    0.00   27.84    0.00    0.00    0.00    0.00    0.00    0.00   34.02
10:17:12 AM    6   35.00    0.00   31.00    0.00    0.00    0.00    0.00    0.00    0.00   34.00
10:17:12 AM    7   37.50    0.00   30.21    0.00    0.00    0.00    0.00    0.00    0.00   32.29

10:17:12 AM  CPU    %usr   %nice    %sys %iowait    %irq   %soft  %steal  %guest  %gnice   %idle
10:17:13 AM  all   29.05    0.00   18.16    0.00    0.00   10.89    0.00    0.00    0.00   41.89
10:17:13 AM    0    1.02    0.00    1.02    0.00    0.00   85.71    0.00    0.00    0.00   12.24
10:17:13 AM    1   27.66    0.00    9.57    0.00    0.00    0.00    0.00    0.00    0.00   62.77
10:17:13 AM    2   20.41    0.00   12.24    0.00    0.00    0.00    0.00    0.00    0.00   67.35
10:17:13 AM    3   29.17    0.00   12.50    0.00    0.00    0.00    0.00    0.00    0.00   58.33
10:17:13 AM    4   37.89    0.00   24.21    0.00    0.00    0.00    0.00    0.00    0.00   37.89
10:17:13 AM    5   40.00    0.00   29.47    0.00    0.00    0.00    0.00    0.00    0.00   30.53
10:17:13 AM    6   37.50    0.00   29.17    0.00    0.00    0.00    0.00    0.00    0.00   33.33
10:17:13 AM    7   39.39    0.00   27.27    0.00    0.00    0.00    0.00    0.00    0.00   33.33

10:17:13 AM  CPU    %usr   %nice    %sys %iowait    %irq   %soft  %steal  %guest  %gnice   %idle
10:17:14 AM  all   26.79    0.00   16.91    0.00    0.00   10.53    0.00    0.00    0.00   45.77
10:17:14 AM    0    4.04    0.00    1.01    0.00    0.00   81.82    0.00    0.00    0.00   13.13
10:17:14 AM    1   28.42    0.00   10.53    0.00    0.00    0.00    0.00    0.00    0.00   61.05
10:17:14 AM    2   25.26    0.00   14.74    0.00    0.00    0.00    0.00    0.00    0.00   60.00
10:17:14 AM    3   28.72    0.00   12.77    0.00    0.00    0.00    0.00    0.00    0.00   58.51
10:17:14 AM    4   32.98    0.00   23.40    0.00    0.00    0.00    0.00    0.00    0.00   43.62
10:17:14 AM    5   33.33    0.00   24.24    0.00    0.00    0.00    0.00    0.00    0.00   42.42
10:17:14 AM    6   30.61    0.00   25.51    0.00    0.00    0.00    0.00    0.00    0.00   43.88
10:17:14 AM    7   31.58    0.00   23.16    0.00    0.00    0.00    0.00    0.00    0.00   45.26

10:17:14 AM  CPU    %usr   %nice    %sys %iowait    %irq   %soft  %steal  %guest  %gnice   %idle
10:17:15 AM  all   26.65    0.00   17.98    0.00    0.00   11.00    0.00    0.00    0.00   44.37
10:17:15 AM    0    3.00    0.00    1.00    0.00    0.00   85.00    0.00    0.00    0.00   11.00
10:17:15 AM    1   29.90    0.00   16.49    0.00    0.00    0.00    0.00    0.00    0.00   53.61
10:17:15 AM    2   30.21    0.00   17.71    0.00    0.00    0.00    0.00    0.00    0.00   52.08
10:17:15 AM    3   33.67    0.00   20.41    0.00    0.00    0.00    0.00    0.00    0.00   45.92
10:17:15 AM    4   29.47    0.00   24.21    0.00    0.00    0.00    0.00    0.00    0.00   46.32
10:17:15 AM    5   29.90    0.00   20.62    0.00    0.00    0.00    0.00    0.00    0.00   49.48
10:17:15 AM    6   31.25    0.00   21.88    0.00    0.00    0.00    0.00    0.00    0.00   46.88
10:17:15 AM    7   26.60    0.00   22.34    0.00    0.00    0.00    0.00    0.00    0.00   51.06

10:17:15 AM  CPU    %usr   %nice    %sys %iowait    %irq   %soft  %steal  %guest  %gnice   %idle
10:17:16 AM  all   25.23    0.00   17.30    0.00    0.00   10.27    0.00    0.00    0.00   47.20
10:17:16 AM    0    2.06    0.00    2.06    0.00    0.00   81.44    0.00    0.00    0.00   14.43
10:17:16 AM    1   26.04    0.00   13.54    0.00    0.00    0.00    0.00    0.00    0.00   60.42
10:17:16 AM    2   29.90    0.00   16.49    0.00    0.00    0.00    0.00    0.00    0.00   53.61
10:17:16 AM    3   26.60    0.00   12.77    0.00    0.00    0.00    0.00    0.00    0.00   60.64
10:17:16 AM    4   30.21    0.00   25.00    0.00    0.00    0.00    0.00    0.00    0.00   44.79
10:17:16 AM    5   28.42    0.00   21.05    0.00    0.00    0.00    0.00    0.00    0.00   50.53
10:17:16 AM    6   29.29    0.00   25.25    0.00    0.00    0.00    0.00    0.00    0.00   45.45
10:17:16 AM    7   29.47    0.00   22.11    0.00    0.00    0.00    0.00    0.00    0.00   48.42

10:17:16 AM  CPU    %usr   %nice    %sys %iowait    %irq   %soft  %steal  %guest  %gnice   %idle
10:17:17 AM  all   26.27    0.00   16.34    0.00    0.00   10.33    0.00    0.00    0.00   47.06
10:17:17 AM    0    3.03    0.00    2.02    0.00    0.00   79.80    0.00    0.00    0.00   15.15
10:17:17 AM    1   23.91    0.00   10.87    0.00    0.00    0.00    0.00    0.00    0.00   65.22
10:17:17 AM    2   32.26    0.00   12.90    0.00    0.00    0.00    0.00    0.00    0.00   54.84
10:17:17 AM    3   31.31    0.00   14.14    0.00    0.00    0.00    0.00    0.00    0.00   54.55
10:17:17 AM    4   33.33    0.00   19.79    0.00    0.00    0.00    0.00    0.00    0.00   46.88
10:17:17 AM    5   29.17    0.00   19.79    0.00    0.00    0.00    0.00    0.00    0.00   51.04
10:17:17 AM    6   29.47    0.00   27.37    0.00    0.00    0.00    0.00    0.00    0.00   43.16
10:17:17 AM    7   28.42    0.00   24.21    0.00    0.00    0.00    0.00    0.00    0.00   47.37

10:17:17 AM  CPU    %usr   %nice    %sys %iowait    %irq   %soft  %steal  %guest  %gnice   %idle
10:17:18 AM  all   26.58    0.00   17.94    0.00    0.00   10.58    0.00    0.00    0.00   44.90
10:17:18 AM    0    3.06    0.00    0.00    0.00    0.00   83.67    0.00    0.00    0.00   13.27
10:17:18 AM    1   24.49    0.00   15.31    0.00    0.00    0.00    0.00    0.00    0.00   60.20
10:17:18 AM    2   26.53    0.00   13.27    0.00    0.00    0.00    0.00    0.00    0.00   60.20
10:17:18 AM    3   30.85    0.00   15.96    0.00    0.00    0.00    0.00    0.00    0.00   53.19
10:17:18 AM    4   35.05    0.00   20.62    0.00    0.00    0.00    0.00    0.00    0.00   44.33
10:17:18 AM    5   34.02    0.00   29.90    0.00    0.00    0.00    0.00    0.00    0.00   36.08
10:17:18 AM    6   28.42    0.00   25.26    0.00    0.00    0.00    0.00    0.00    0.00   46.32
10:17:18 AM    7   30.61    0.00   23.47    0.00    0.00    0.00    0.00    0.00    0.00   45.92

10:17:18 AM  CPU    %usr   %nice    %sys %iowait    %irq   %soft  %steal  %guest  %gnice   %idle
10:17:19 AM  all   26.55    0.00   18.04    0.00    0.00   11.08    0.00    0.00    0.00   44.33
10:17:19 AM    0    0.99    0.00    0.99    0.00    0.00   85.15    0.00    0.00    0.00   12.87
10:17:19 AM    1   28.72    0.00   14.89    0.00    0.00    0.00    0.00    0.00    0.00   56.38
10:17:19 AM    2   25.77    0.00   16.49    0.00    0.00    0.00    0.00    0.00    0.00   57.73
10:17:19 AM    3   26.26    0.00   13.13    0.00    0.00    0.00    0.00    0.00    0.00   60.61
10:17:19 AM    4   29.59    0.00   32.65    0.00    0.00    0.00    0.00    0.00    0.00   37.76
10:17:19 AM    5   31.63    0.00   22.45    0.00    0.00    0.00    0.00    0.00    0.00   45.92
10:17:19 AM    6   34.74    0.00   22.11    0.00    0.00    0.00    0.00    0.00    0.00   43.16
10:17:19 AM    7   36.17    0.00   22.34    0.00    0.00    0.00    0.00    0.00    0.00   41.49

10:17:19 AM  CPU    %usr   %nice    %sys %iowait    %irq   %soft  %steal  %guest  %gnice   %idle
10:17:20 AM  all   28.12    0.00   20.23    0.00    0.00   10.81    0.00    0.00    0.00   40.84
10:17:20 AM    0    1.98    0.00    1.98    0.00    0.00   84.16    0.00    0.00    0.00   11.88
10:17:20 AM    1   28.00    0.00   15.00    0.00    0.00    0.00    0.00    0.00    0.00   57.00
10:17:20 AM    2   23.96    0.00   10.42    0.00    0.00    0.00    0.00    0.00    0.00   65.62
10:17:20 AM    3   30.21    0.00   12.50    0.00    0.00    0.00    0.00    0.00    0.00   57.29
10:17:20 AM    4   36.00    0.00   30.00    0.00    0.00    0.00    0.00    0.00    0.00   34.00
10:17:20 AM    5   36.46    0.00   28.12    0.00    0.00    0.00    0.00    0.00    0.00   35.42
10:17:20 AM    6   33.00    0.00   32.00    0.00    0.00    0.00    0.00    0.00    0.00   35.00
10:17:20 AM    7   36.08    0.00   31.96    0.00    0.00    0.00    0.00    0.00    0.00   31.96

10:17:20 AM  CPU    %usr   %nice    %sys %iowait    %irq   %soft  %steal  %guest  %gnice   %idle
10:17:21 AM  all   28.99    0.00   17.14    0.00    0.00   10.82    0.00    0.00    0.00   43.04
10:17:21 AM    0    2.02    0.00    2.02    0.00    0.00   84.85    0.00    0.00    0.00   11.11
10:17:21 AM    1   27.27    0.00   12.12    0.00    0.00    0.00    0.00    0.00    0.00   60.61
10:17:21 AM    2   27.08    0.00   10.42    0.00    0.00    0.00    0.00    0.00    0.00   62.50
10:17:21 AM    3   28.42    0.00   15.79    0.00    0.00    0.00    0.00    0.00    0.00   55.79
10:17:21 AM    4   37.37    0.00   24.24    0.00    0.00    0.00    0.00    0.00    0.00   38.38
10:17:21 AM    5   40.82    0.00   23.47    0.00    0.00    0.00    0.00    0.00    0.00   35.71
10:17:21 AM    6   37.89    0.00   24.21    0.00    0.00    0.00    0.00    0.00    0.00   37.89
10:17:21 AM    7   31.58    0.00   25.26    0.00    0.00    0.00    0.00    0.00    0.00   43.16

10:17:21 AM  CPU    %usr   %nice    %sys %iowait    %irq   %soft  %steal  %guest  %gnice   %idle
10:17:22 AM  all   30.25    0.00   18.90    0.00    0.00   11.21    0.00    0.00    0.00   39.63
10:17:22 AM    0    1.03    0.00    1.03    0.00    0.00   88.66    0.00    0.00    0.00    9.28
10:17:22 AM    1   26.04    0.00   11.46    0.00    0.00    0.00    0.00    0.00    0.00   62.50
10:17:22 AM    2   26.04    0.00   11.46    0.00    0.00    0.00    0.00    0.00    0.00   62.50
10:17:22 AM    3   32.99    0.00   13.40    0.00    0.00    0.00    0.00    0.00    0.00   53.61
10:17:22 AM    4   41.05    0.00   27.37    0.00    0.00    0.00    0.00    0.00    0.00   31.58
10:17:22 AM    5   33.68    0.00   33.68    0.00    0.00    0.00    0.00    0.00    0.00   32.63
10:17:22 AM    6   41.05    0.00   24.21    0.00    0.00    0.00    0.00    0.00    0.00   34.74
10:17:22 AM    7   40.62    0.00   29.17    0.00    0.00    0.00    0.00    0.00    0.00   30.21

10:17:22 AM  CPU    %usr   %nice    %sys %iowait    %irq   %soft  %steal  %guest  %gnice   %idle
10:17:23 AM  all   28.07    0.00   18.02    0.00    0.00   10.70    0.00    0.00    0.00   43.21
10:17:23 AM    0    2.08    0.00    0.00    0.00    0.00   85.42    0.00    0.00    0.00   12.50
10:17:23 AM    1   25.00    0.00   11.46    0.00    0.00    0.00    0.00    0.00    0.00   63.54
10:17:23 AM    2   27.55    0.00   15.31    0.00    0.00    0.00    0.00    0.00    0.00   57.14
10:17:23 AM    3   26.60    0.00   13.83    0.00    0.00    0.00    0.00    0.00    0.00   59.57
10:17:23 AM    4   35.11    0.00   28.72    0.00    0.00    0.00    0.00    0.00    0.00   36.17
10:17:23 AM    5   38.30    0.00   25.53    0.00    0.00    0.00    0.00    0.00    0.00   36.17
10:17:23 AM    6   37.11    0.00   22.68    0.00    0.00    0.00    0.00    0.00    0.00   40.21
10:17:23 AM    7   32.99    0.00   26.80    0.00    0.00    0.00    0.00    0.00    0.00   40.21

10:17:23 AM  CPU    %usr   %nice    %sys %iowait    %irq   %soft  %steal  %guest  %gnice   %idle
10:17:24 AM  all   28.19    0.00   21.49    0.00    0.00   11.45    0.00    0.00    0.00   38.87
10:17:24 AM    0    1.96    0.00    2.94    0.00    0.00   87.25    0.00    0.00    0.00    7.84
10:17:24 AM    1   21.88    0.00   11.46    0.00    0.00    0.00    0.00    0.00    0.00   66.67
10:17:24 AM    2   23.96    0.00   10.42    0.00    0.00    0.00    0.00    0.00    0.00   65.62
10:17:24 AM    3   28.12    0.00   13.54    0.00    0.00    0.00    0.00    0.00    0.00   58.33
10:17:24 AM    4   37.11    0.00   32.99    0.00    0.00    0.00    0.00    0.00    0.00   29.90
10:17:24 AM    5   41.67    0.00   29.17    0.00    0.00    0.00    0.00    0.00    0.00   29.17
10:17:24 AM    6   37.76    0.00   33.67    0.00    0.00    0.00    0.00    0.00    0.00   28.57
10:17:24 AM    7   34.38    0.00   38.54    0.00    0.00    0.00    0.00    0.00    0.00   27.08

10:17:24 AM  CPU    %usr   %nice    %sys %iowait    %irq   %soft  %steal  %guest  %gnice   %idle
10:17:25 AM  all   26.21    0.00   18.41    0.00    0.00    9.97    0.00    0.00    0.00   45.40
10:17:25 AM    0    2.04    0.00    2.04    0.00    0.00   79.59    0.00    0.00    0.00   16.33
10:17:25 AM    1   23.96    0.00   14.58    0.00    0.00    0.00    0.00    0.00    0.00   61.46
10:17:25 AM    2   21.65    0.00    9.28    0.00    0.00    0.00    0.00    0.00    0.00   69.07
10:17:25 AM    3   27.27    0.00   16.16    0.00    0.00    0.00    0.00    0.00    0.00   56.57
10:17:25 AM    4   36.00    0.00   25.00    0.00    0.00    0.00    0.00    0.00    0.00   39.00
10:17:25 AM    5   33.33    0.00   27.27    0.00    0.00    0.00    0.00    0.00    0.00   39.39
10:17:25 AM    6   31.96    0.00   28.87    0.00    0.00    0.00    0.00    0.00    0.00   39.18
10:17:25 AM    7   33.33    0.00   23.96    0.00    0.00    0.00    0.00    0.00    0.00   42.71

10:17:25 AM  CPU    %usr   %nice    %sys %iowait    %irq   %soft  %steal  %guest  %gnice   %idle
10:17:26 AM  all   26.80    0.00   18.17    0.00    0.00   10.82    0.00    0.00    0.00   44.20
10:17:26 AM    0    1.03    0.00    1.03    0.00    0.00   86.60    0.00    0.00    0.00   11.34
10:17:26 AM    1   27.55    0.00   15.31    0.00    0.00    0.00    0.00    0.00    0.00   57.14
10:17:26 AM    2   28.42    0.00   13.68    0.00    0.00    0.00    0.00    0.00    0.00   57.89
10:17:26 AM    3   32.65    0.00   17.35    0.00    0.00    0.00    0.00    0.00    0.00   50.00
10:17:26 AM    4   30.61    0.00   26.53    0.00    0.00    0.00    0.00    0.00    0.00   42.86
10:17:26 AM    5   26.53    0.00   29.59    0.00    0.00    0.00    0.00    0.00    0.00   43.88
10:17:26 AM    6   32.63    0.00   21.05    0.00    0.00    0.00    0.00    0.00    0.00   46.32
10:17:26 AM    7   35.05    0.00   20.62    0.00    0.00    0.00    0.00    0.00    0.00   44.33

10:17:26 AM  CPU    %usr   %nice    %sys %iowait    %irq   %soft  %steal  %guest  %gnice   %idle
10:17:27 AM  all   26.49    0.00   18.73    0.00    0.00   11.11    0.00    0.00    0.00   43.67
10:17:27 AM    0    1.02    0.00    1.02    0.00    0.00   87.76    0.00    0.00    0.00   10.20
10:17:27 AM    1   22.92    0.00   17.71    0.00    0.00    0.00    0.00    0.00    0.00   59.38
10:17:27 AM    2   26.53    0.00   14.29    0.00    0.00    0.00    0.00    0.00    0.00   59.18
10:17:27 AM    3   30.30    0.00   16.16    0.00    0.00    0.00    0.00    0.00    0.00   53.54
10:17:27 AM    4   31.96    0.00   26.80    0.00    0.00    0.00    0.00    0.00    0.00   41.24
10:17:27 AM    5   35.11    0.00   25.53    0.00    0.00    0.00    0.00    0.00    0.00   39.36
10:17:27 AM    6   31.96    0.00   25.77    0.00    0.00    0.00    0.00    0.00    0.00   42.27
10:17:27 AM    7   32.63    0.00   23.16    0.00    0.00    0.00    0.00    0.00    0.00   44.21

10:17:27 AM  CPU    %usr   %nice    %sys %iowait    %irq   %soft  %steal  %guest  %gnice   %idle
10:17:28 AM  all   28.48    0.00   19.07    0.00    0.00   10.70    0.00    0.00    0.00   41.75
10:17:28 AM    0    1.01    0.00    2.02    0.00    0.00   83.84    0.00    0.00    0.00   13.13
10:17:28 AM    1   22.11    0.00   13.68    0.00    0.00    0.00    0.00    0.00    0.00   64.21
10:17:28 AM    2   23.96    0.00   13.54    0.00    0.00    0.00    0.00    0.00    0.00   62.50
10:17:28 AM    3   26.32    0.00   10.53    0.00    0.00    0.00    0.00    0.00    0.00   63.16
10:17:28 AM    4   35.71    0.00   33.67    0.00    0.00    0.00    0.00    0.00    0.00   30.61
10:17:28 AM    5   39.18    0.00   23.71    0.00    0.00    0.00    0.00    0.00    0.00   37.11
10:17:28 AM    6   42.42    0.00   27.27    0.00    0.00    0.00    0.00    0.00    0.00   30.30
10:17:28 AM    7   37.11    0.00   27.84    0.00    0.00    0.00    0.00    0.00    0.00   35.05

10:17:28 AM  CPU    %usr   %nice    %sys %iowait    %irq   %soft  %steal  %guest  %gnice   %idle
10:17:29 AM  all   30.46    0.00   20.18    0.00    0.00   11.05    0.00    0.00    0.00   38.30
10:17:29 AM    0    2.02    0.00    2.02    0.00    0.00   86.87    0.00    0.00    0.00    9.09
10:17:29 AM    1   23.96    0.00   10.42    0.00    0.00    0.00    0.00    0.00    0.00   65.62
10:17:29 AM    2   25.00    0.00   13.54    0.00    0.00    0.00    0.00    0.00    0.00   61.46
10:17:29 AM    3   30.53    0.00   11.58    0.00    0.00    0.00    0.00    0.00    0.00   57.89
10:17:29 AM    4   40.62    0.00   30.21    0.00    0.00    0.00    0.00    0.00    0.00   29.17
10:17:29 AM    5   40.40    0.00   31.31    0.00    0.00    0.00    0.00    0.00    0.00   28.28
10:17:29 AM    6   37.76    0.00   31.63    0.00    0.00    0.00    0.00    0.00    0.00   30.61
10:17:29 AM    7   43.43    0.00   30.30    0.00    0.00    0.00    0.00    0.00    0.00   26.26

10:17:29 AM  CPU    %usr   %nice    %sys %iowait    %irq   %soft  %steal  %guest  %gnice   %idle
10:17:30 AM  all   25.06    0.00   17.18    0.13    0.00   10.21    0.00    0.00    0.00   47.42
10:17:30 AM    0    3.03    0.00    1.01    0.00    0.00   79.80    0.00    0.00    0.00   16.16
10:17:30 AM    1   26.80    0.00   13.40    0.00    0.00    0.00    0.00    0.00    0.00   59.79
10:17:30 AM    2   24.73    0.00   12.90    0.00    0.00    0.00    0.00    0.00    0.00   62.37
10:17:30 AM    3   28.57    0.00   15.31    0.00    0.00    0.00    0.00    0.00    0.00   56.12
10:17:30 AM    4   29.29    0.00   26.26    0.00    0.00    0.00    0.00    0.00    0.00   44.44
10:17:30 AM    5   29.90    0.00   25.77    1.03    0.00    0.00    0.00    0.00    0.00   43.30
10:17:30 AM    6   32.98    0.00   19.15    0.00    0.00    0.00    0.00    0.00    0.00   47.87
10:17:30 AM    7   25.77    0.00   23.71    0.00    0.00    0.00    0.00    0.00    0.00   50.52

Average:     CPU    %usr   %nice    %sys %iowait    %irq   %soft  %steal  %guest  %gnice   %idle
Average:     all   27.83    0.00   18.70    0.01    0.00   10.86    0.00    0.00    0.00   42.60
Average:       0    1.70    0.00    1.37    0.00    0.00   85.18    0.00    0.00    0.00   11.76
Average:       1   25.27    0.00   13.26    0.00    0.00    0.00    0.00    0.00    0.00   61.48
Average:       2   25.71    0.00   12.95    0.03    0.00    0.00    0.00    0.00    0.00   61.31
Average:       3   29.23    0.00   14.13    0.05    0.00    0.00    0.00    0.00    0.00   56.59
Average:       4   35.19    0.00   27.76    0.00    0.00    0.00    0.00    0.00    0.00   37.05
Average:       5   35.54    0.00   27.00    0.03    0.00    0.03    0.00    0.00    0.00   37.41
Average:       6   35.59    0.00   26.61    0.00    0.00    0.00    0.00    0.00    0.00   37.80
Average:       7   34.99    0.00   26.94    0.00    0.00    0.00    0.00    0.00    0.00   38.07
