Linux 6.1.141 (king) 	08/20/2026 	_aarch64_	(8 CPU)

08:22:02 AM  CPU    %usr   %nice    %sys %iowait    %irq   %soft  %steal  %guest  %gnice   %idle
08:22:03 AM  all   20.38    0.00   11.08    0.00    0.00    5.35    0.00    0.00    0.00   63.18
08:22:03 AM    0   21.05    0.00   10.53    0.00    0.00   37.89    0.00    0.00    0.00   30.53
08:22:03 AM    1   27.27    0.00   10.10    0.00    0.00    0.00    0.00    0.00    0.00   62.63
08:22:03 AM    2   26.26    0.00   12.12    0.00    0.00    0.00    0.00    0.00    0.00   61.62
08:22:03 AM    3   23.23    0.00   15.15    0.00    0.00    0.00    0.00    0.00    0.00   61.62
08:22:03 AM    4   17.35    0.00   10.20    0.00    0.00    0.00    0.00    0.00    0.00   72.45
08:22:03 AM    5   15.15    0.00   13.13    0.00    0.00    0.00    0.00    0.00    0.00   71.72
08:22:03 AM    6   19.00    0.00    8.00    0.00    0.00    6.00    0.00    0.00    0.00   67.00
08:22:03 AM    7   13.54    0.00    9.38    0.00    0.00    0.00    0.00    0.00    0.00   77.08

08:22:03 AM  CPU    %usr   %nice    %sys %iowait    %irq   %soft  %steal  %guest  %gnice   %idle
08:22:04 AM  all   15.75    0.00   10.37    0.00    0.00    5.63    0.00    0.00    0.00   68.25
08:22:04 AM    0   17.17    0.00   12.12    0.00    0.00   36.36    0.00    0.00    0.00   34.34
08:22:04 AM    1   19.59    0.00   11.34    0.00    0.00    0.00    0.00    0.00    0.00   69.07
08:22:04 AM    2   20.41    0.00   12.24    0.00    0.00    0.00    0.00    0.00    0.00   67.35
08:22:04 AM    3   17.71    0.00   10.42    0.00    0.00    0.00    0.00    0.00    0.00   71.88
08:22:04 AM    4   11.46    0.00    9.38    0.00    0.00    0.00    0.00    0.00    0.00   79.17
08:22:04 AM    5   12.37    0.00    6.19    0.00    0.00    0.00    0.00    0.00    0.00   81.44
08:22:04 AM    6   12.24    0.00   11.22    0.00    0.00    8.16    0.00    0.00    0.00   68.37
08:22:04 AM    7   15.00    0.00   10.00    0.00    0.00    0.00    0.00    0.00    0.00   75.00

08:22:04 AM  CPU    %usr   %nice    %sys %iowait    %irq   %soft  %steal  %guest  %gnice   %idle
08:22:05 AM  all   18.53    0.00   11.58    0.00    0.00    6.31    0.00    0.00    0.00   63.58
08:22:05 AM    0   12.63    0.00    7.37    0.00    0.00   42.11    0.00    0.00    0.00   37.89
08:22:05 AM    1   23.96    0.00   11.46    0.00    0.00    0.00    0.00    0.00    0.00   64.58
08:22:05 AM    2   22.68    0.00   11.34    0.00    0.00    0.00    0.00    0.00    0.00   65.98
08:22:05 AM    3   21.65    0.00   12.37    0.00    0.00    0.00    0.00    0.00    0.00   65.98
08:22:05 AM    4   18.28    0.00   10.75    0.00    0.00    0.00    0.00    0.00    0.00   70.97
08:22:05 AM    5   19.19    0.00   11.11    0.00    0.00    0.00    0.00    0.00    0.00   69.70
08:22:05 AM    6   13.86    0.00   14.85    0.00    0.00    8.91    0.00    0.00    0.00   62.38
08:22:05 AM    7   16.16    0.00   13.13    0.00    0.00    0.00    0.00    0.00    0.00   70.71

08:22:05 AM  CPU    %usr   %nice    %sys %iowait    %irq   %soft  %steal  %guest  %gnice   %idle
08:22:06 AM  all   19.17    0.00   11.66    0.00    0.00    6.22    0.00    0.00    0.00   62.95
08:22:06 AM    0   14.89    0.00   10.64    0.00    0.00   41.49    0.00    0.00    0.00   32.98
08:22:06 AM    1   25.77    0.00   11.34    0.00    0.00    0.00    0.00    0.00    0.00   62.89
08:22:06 AM    2   23.47    0.00   15.31    0.00    0.00    0.00    0.00    0.00    0.00   61.22
08:22:06 AM    3   21.05    0.00   13.68    0.00    0.00    0.00    0.00    0.00    0.00   65.26
08:22:06 AM    4   15.46    0.00    9.28    0.00    0.00    0.00    0.00    0.00    0.00   75.26
08:22:06 AM    5   19.79    0.00   11.46    0.00    0.00    0.00    0.00    0.00    0.00   68.75
08:22:06 AM    6   18.37    0.00    9.18    0.00    0.00    9.18    0.00    0.00    0.00   63.27
08:22:06 AM    7   14.43    0.00   12.37    0.00    0.00    0.00    0.00    0.00    0.00   73.20

08:22:06 AM  CPU    %usr   %nice    %sys %iowait    %irq   %soft  %steal  %guest  %gnice   %idle
08:22:07 AM  all   18.03    0.00   11.51    0.00    0.00    6.27    0.00    0.00    0.00   64.19
08:22:07 AM    0   15.31    0.00   13.27    0.00    0.00   42.86    0.00    0.00    0.00   28.57
08:22:07 AM    1   18.37    0.00   12.24    0.00    0.00    0.00    0.00    0.00    0.00   69.39
08:22:07 AM    2   24.21    0.00   10.53    0.00    0.00    0.00    0.00    0.00    0.00   65.26
08:22:07 AM    3   23.23    0.00   10.10    0.00    0.00    0.00    0.00    0.00    0.00   66.67
08:22:07 AM    4   16.49    0.00    9.28    0.00    0.00    0.00    0.00    0.00    0.00   74.23
08:22:07 AM    5   13.68    0.00   11.58    0.00    0.00    0.00    0.00    0.00    0.00   74.74
08:22:07 AM    6   19.80    0.00   12.87    0.00    0.00    6.93    0.00    0.00    0.00   60.40
08:22:07 AM    7   13.13    0.00   12.12    0.00    0.00    0.00    0.00    0.00    0.00   74.75

08:22:07 AM  CPU    %usr   %nice    %sys %iowait    %irq   %soft  %steal  %guest  %gnice   %idle
08:22:08 AM  all   16.82    0.00   11.56    0.00    0.00    5.12    0.00    0.00    0.00   66.49
08:22:08 AM    0   15.56    0.00    7.78    0.00    0.00   37.78    0.00    0.00    0.00   38.89
08:22:08 AM    1   26.53    0.00   10.20    0.00    0.00    0.00    0.00    0.00    0.00   63.27
08:22:08 AM    2   17.89    0.00   12.63    0.00    0.00    0.00    0.00    0.00    0.00   69.47
08:22:08 AM    3   17.53    0.00   11.34    0.00    0.00    0.00    0.00    0.00    0.00   71.13
08:22:08 AM    4   12.63    0.00   13.68    0.00    0.00    0.00    0.00    0.00    0.00   73.68
08:22:08 AM    5   12.37    0.00   13.40    0.00    0.00    0.00    0.00    0.00    0.00   74.23
08:22:08 AM    6   16.84    0.00   11.58    0.00    0.00    5.26    0.00    0.00    0.00   66.32
08:22:08 AM    7   14.89    0.00   11.70    0.00    0.00    0.00    0.00    0.00    0.00   73.40

08:22:08 AM  CPU    %usr   %nice    %sys %iowait    %irq   %soft  %steal  %guest  %gnice   %idle
08:22:09 AM  all   17.93    0.00   12.42    0.00    0.00    5.38    0.00    0.00    0.00   64.28
08:22:09 AM    0   17.39    0.00   14.13    0.00    0.00   36.96    0.00    0.00    0.00   31.52
08:22:09 AM    1   25.25    0.00   14.14    0.00    0.00    0.00    0.00    0.00    0.00   60.61
08:22:09 AM    2   20.41    0.00   16.33    0.00    0.00    0.00    0.00    0.00    0.00   63.27
08:22:09 AM    3   21.65    0.00    9.28    0.00    0.00    0.00    0.00    0.00    0.00   69.07
08:22:09 AM    4   12.12    0.00   16.16    0.00    0.00    0.00    0.00    0.00    0.00   71.72
08:22:09 AM    5   17.65    0.00    8.82    0.00    0.00    0.00    0.00    0.00    0.00   73.53
08:22:09 AM    6   15.62    0.00    9.38    0.00    0.00    8.33    0.00    0.00    0.00   66.67
08:22:09 AM    7   13.27    0.00   11.22    0.00    0.00    0.00    0.00    0.00    0.00   75.51

08:22:09 AM  CPU    %usr   %nice    %sys %iowait    %irq   %soft  %steal  %guest  %gnice   %idle
08:22:10 AM  all   18.36    0.00   10.78    0.00    0.00    6.42    0.00    0.00    0.00   64.44
08:22:10 AM    0   16.33    0.00    7.14    0.00    0.00   42.86    0.00    0.00    0.00   33.67
08:22:10 AM    1   23.47    0.00    8.16    0.00    0.00    0.00    0.00    0.00    0.00   68.37
08:22:10 AM    2   23.23    0.00   12.12    0.00    0.00    0.00    0.00    0.00    0.00   64.65
08:22:10 AM    3   19.39    0.00    8.16    0.00    0.00    0.00    0.00    0.00    0.00   72.45
08:22:10 AM    4   17.53    0.00   14.43    0.00    0.00    0.00    0.00    0.00    0.00   68.04
08:22:10 AM    5   15.62    0.00   15.62    0.00    0.00    0.00    0.00    0.00    0.00   68.75
08:22:10 AM    6   15.79    0.00   11.58    0.00    0.00    8.42    0.00    0.00    0.00   64.21
08:22:10 AM    7   15.31    0.00    9.18    0.00    0.00    0.00    0.00    0.00    0.00   75.51

08:22:10 AM  CPU    %usr   %nice    %sys %iowait    %irq   %soft  %steal  %guest  %gnice   %idle
08:22:11 AM  all   19.15    0.00   10.67    0.00    0.00    5.91    0.00    0.00    0.00   64.27
08:22:11 AM    0   19.79    0.00   13.54    0.00    0.00   39.58    0.00    0.00    0.00   27.08
08:22:11 AM    1   23.47    0.00   13.27    0.00    0.00    0.00    0.00    0.00    0.00   63.27
08:22:11 AM    2   19.59    0.00   11.34    0.00    0.00    0.00    0.00    0.00    0.00   69.07
08:22:11 AM    3   25.77    0.00   10.31    0.00    0.00    0.00    0.00    0.00    0.00   63.92
08:22:11 AM    4   19.39    0.00    7.14    0.00    0.00    0.00    0.00    0.00    0.00   73.47
08:22:11 AM    5   17.17    0.00   12.12    0.00    0.00    0.00    0.00    0.00    0.00   70.71
08:22:11 AM    6   13.40    0.00    9.28    0.00    0.00    8.25    0.00    0.00    0.00   69.07
08:22:11 AM    7   14.58    0.00    8.33    0.00    0.00    0.00    0.00    0.00    0.00   77.08

08:22:11 AM  CPU    %usr   %nice    %sys %iowait    %irq   %soft  %steal  %guest  %gnice   %idle
08:22:12 AM  all   20.44    0.00   12.47    0.00    0.00    5.66    0.00    0.00    0.00   61.44
08:22:12 AM    0   17.89    0.00    8.42    0.00    0.00   42.11    0.00    0.00    0.00   31.58
08:22:12 AM    1   26.80    0.00   11.34    0.00    0.00    0.00    0.00    0.00    0.00   61.86
08:22:12 AM    2   27.00    0.00    7.00    0.00    0.00    0.00    0.00    0.00    0.00   66.00
08:22:12 AM    3   20.79    0.00   12.87    0.00    0.00    0.00    0.00    0.00    0.00   66.34
08:22:12 AM    4   18.56    0.00   19.59    0.00    0.00    0.00    0.00    0.00    0.00   61.86
08:22:12 AM    5   16.49    0.00   12.37    0.00    0.00    0.00    0.00    0.00    0.00   71.13
08:22:12 AM    6   20.21    0.00   13.83    0.00    0.00    4.26    0.00    0.00    0.00   61.70
08:22:12 AM    7   15.46    0.00   14.43    0.00    0.00    0.00    0.00    0.00    0.00   70.10

08:22:12 AM  CPU    %usr   %nice    %sys %iowait    %irq   %soft  %steal  %guest  %gnice   %idle
08:22:13 AM  all   18.53    0.00   12.56    0.00    0.00    6.22    0.00    0.00    0.00   62.69
08:22:13 AM    0   16.67    0.00   10.42    0.00    0.00   43.75    0.00    0.00    0.00   29.17
08:22:13 AM    1   22.45    0.00   16.33    0.00    0.00    0.00    0.00    0.00    0.00   61.22
08:22:13 AM    2   23.23    0.00   18.18    0.00    0.00    0.00    0.00    0.00    0.00   58.59
08:22:13 AM    3   22.45    0.00    8.16    0.00    0.00    0.00    0.00    0.00    0.00   69.39
08:22:13 AM    4   17.17    0.00   13.13    0.00    0.00    0.00    0.00    0.00    0.00   69.70
08:22:13 AM    5   15.00    0.00   12.00    0.00    0.00    0.00    0.00    0.00    0.00   73.00
08:22:13 AM    6   17.17    0.00   11.11    0.00    0.00    7.07    0.00    0.00    0.00   64.65
08:22:13 AM    7   14.14    0.00   11.11    0.00    0.00    0.00    0.00    0.00    0.00   74.75

08:22:13 AM  CPU    %usr   %nice    %sys %iowait    %irq   %soft  %steal  %guest  %gnice   %idle
08:22:14 AM  all   19.31    0.00   11.58    0.00    0.00    5.79    0.00    0.00    0.00   63.32
08:22:14 AM    0   20.43    0.00   10.75    0.00    0.00   41.94    0.00    0.00    0.00   26.88
08:22:14 AM    1   22.45    0.00   14.29    0.00    0.00    0.00    0.00    0.00    0.00   63.27
08:22:14 AM    2   22.68    0.00   12.37    0.00    0.00    0.00    0.00    0.00    0.00   64.95
08:22:14 AM    3   25.51    0.00   11.22    0.00    0.00    0.00    0.00    0.00    0.00   63.27
08:22:14 AM    4   15.46    0.00   15.46    0.00    0.00    0.00    0.00    0.00    0.00   69.07
08:22:14 AM    5   16.84    0.00    7.37    0.00    0.00    0.00    0.00    0.00    0.00   75.79
08:22:14 AM    6   14.29    0.00   10.20    0.00    0.00    6.12    0.00    0.00    0.00   69.39
08:22:14 AM    7   16.83    0.00   10.89    0.00    0.00    0.00    0.00    0.00    0.00   72.28

08:22:14 AM  CPU    %usr   %nice    %sys %iowait    %irq   %soft  %steal  %guest  %gnice   %idle
08:22:15 AM  all   17.21    0.00   11.25    0.00    0.00    5.30    0.00    0.00    0.00   66.24
08:22:15 AM    0   18.75    0.00   14.58    0.00    0.00   37.50    0.00    0.00    0.00   29.17
08:22:15 AM    1   20.83    0.00    6.25    0.00    0.00    0.00    0.00    0.00    0.00   72.92
08:22:15 AM    2   20.00    0.00   10.53    0.00    0.00    0.00    0.00    0.00    0.00   69.47
08:22:15 AM    3   20.62    0.00   10.31    0.00    0.00    0.00    0.00    0.00    0.00   69.07
08:22:15 AM    4   13.68    0.00   11.58    0.00    0.00    0.00    0.00    0.00    0.00   74.74
08:22:15 AM    5   15.31    0.00   11.22    0.00    0.00    0.00    0.00    0.00    0.00   73.47
08:22:15 AM    6   16.83    0.00   13.86    0.00    0.00    4.95    0.00    0.00    0.00   64.36
08:22:15 AM    7   11.58    0.00   11.58    0.00    0.00    0.00    0.00    0.00    0.00   76.84

08:22:15 AM  CPU    %usr   %nice    %sys %iowait    %irq   %soft  %steal  %guest  %gnice   %idle
08:22:16 AM  all   18.43    0.00   12.50    0.00    0.00    6.19    0.00    0.00    0.00   62.89
08:22:16 AM    0   17.02    0.00   14.89    0.00    0.00   41.49    0.00    0.00    0.00   26.60
08:22:16 AM    1   19.39    0.00   17.35    0.00    0.00    0.00    0.00    0.00    0.00   63.27
08:22:16 AM    2   24.00    0.00   12.00    0.00    0.00    0.00    0.00    0.00    0.00   64.00
08:22:16 AM    3   20.21    0.00   11.70    0.00    0.00    1.06    0.00    0.00    0.00   67.02
08:22:16 AM    4   18.56    0.00   11.34    0.00    0.00    0.00    0.00    0.00    0.00   70.10
08:22:16 AM    5   15.46    0.00    9.28    0.00    0.00    0.00    0.00    0.00    0.00   75.26
08:22:16 AM    6   14.43    0.00   12.37    0.00    0.00    8.25    0.00    0.00    0.00   64.95
08:22:16 AM    7   18.18    0.00   11.11    0.00    0.00    0.00    0.00    0.00    0.00   70.71

08:22:16 AM  CPU    %usr   %nice    %sys %iowait    %irq   %soft  %steal  %guest  %gnice   %idle
08:22:17 AM  all   16.25    0.00   10.62    0.00    0.00    5.11    0.00    0.00    0.00   68.02
08:22:17 AM    0   16.13    0.00    9.68    0.00    0.00   36.56    0.00    0.00    0.00   37.63
08:22:17 AM    1   24.21    0.00    5.26    0.00    0.00    0.00    0.00    0.00    0.00   70.53
08:22:17 AM    2   15.46    0.00   12.37    0.00    0.00    0.00    0.00    0.00    0.00   72.16
08:22:17 AM    3   18.75    0.00    9.38    0.00    0.00    0.00    0.00    0.00    0.00   71.88
08:22:17 AM    4   15.79    0.00   15.79    0.00    0.00    0.00    0.00    0.00    0.00   68.42
08:22:17 AM    5   13.40    0.00   12.37    0.00    0.00    0.00    0.00    0.00    0.00   74.23
08:22:17 AM    6   10.75    0.00    8.60    0.00    0.00    5.38    0.00    0.00    0.00   75.27
08:22:17 AM    7   15.46    0.00   11.34    0.00    0.00    0.00    0.00    0.00    0.00   73.20

08:22:17 AM  CPU    %usr   %nice    %sys %iowait    %irq   %soft  %steal  %guest  %gnice   %idle
08:22:18 AM  all   19.30    0.00   11.27    0.00    0.00    6.48    0.00    0.00    0.00   62.95
08:22:18 AM    0   13.98    0.00    8.60    0.00    0.00   46.24    0.00    0.00    0.00   31.18
08:22:18 AM    1   27.37    0.00   11.58    0.00    0.00    0.00    0.00    0.00    0.00   61.05
08:22:18 AM    2   24.24    0.00    8.08    0.00    0.00    0.00    0.00    0.00    0.00   67.68
08:22:18 AM    3   25.00    0.00    7.29    0.00    0.00    0.00    0.00    0.00    0.00   67.71
08:22:18 AM    4   15.79    0.00   14.74    0.00    0.00    0.00    0.00    0.00    0.00   69.47
08:22:18 AM    5   18.56    0.00   11.34    0.00    0.00    0.00    0.00    0.00    0.00   70.10
08:22:18 AM    6   17.71    0.00   10.42    0.00    0.00    7.29    0.00    0.00    0.00   64.58
08:22:18 AM    7   11.88    0.00   17.82    0.00    0.00    0.00    0.00    0.00    0.00   70.30

08:22:18 AM  CPU    %usr   %nice    %sys %iowait    %irq   %soft  %steal  %guest  %gnice   %idle
08:22:19 AM  all   17.03    0.00   11.61    0.00    0.00    5.68    0.00    0.00    0.00   65.68
08:22:19 AM    0   11.83    0.00    9.68    0.00    0.00   40.86    0.00    0.00    0.00   37.63
08:22:19 AM    1   21.21    0.00   11.11    0.00    0.00    0.00    0.00    0.00    0.00   67.68
08:22:19 AM    2   22.92    0.00    8.33    0.00    0.00    0.00    0.00    0.00    0.00   68.75
08:22:19 AM    3   18.37    0.00   11.22    0.00    0.00    0.00    0.00    0.00    0.00   70.41
08:22:19 AM    4   16.49    0.00   15.46    0.00    0.00    0.00    0.00    0.00    0.00   68.04
08:22:19 AM    5   16.16    0.00   11.11    0.00    0.00    0.00    0.00    0.00    0.00   72.73
08:22:19 AM    6   15.46    0.00   16.49    0.00    0.00    6.19    0.00    0.00    0.00   61.86
08:22:19 AM    7   13.54    0.00    9.38    0.00    0.00    0.00    0.00    0.00    0.00   77.08

08:22:19 AM  CPU    %usr   %nice    %sys %iowait    %irq   %soft  %steal  %guest  %gnice   %idle
08:22:20 AM  all   20.25    0.00   11.97    0.00    0.00    6.50    0.00    0.00    0.00   61.27
08:22:20 AM    0   20.41    0.00    7.14    0.00    0.00   41.84    0.00    0.00    0.00   30.61
08:22:20 AM    1   23.00    0.00   16.00    0.00    0.00    1.00    0.00    0.00    0.00   60.00
08:22:20 AM    2   23.23    0.00   13.13    0.00    0.00    0.00    0.00    0.00    0.00   63.64
08:22:20 AM    3   26.53    0.00   11.22    0.00    0.00    0.00    0.00    0.00    0.00   62.24
08:22:20 AM    4   20.41    0.00   12.24    0.00    0.00    0.00    0.00    0.00    0.00   67.35
08:22:20 AM    5   16.33    0.00   10.20    0.00    0.00    0.00    0.00    0.00    0.00   73.47
08:22:20 AM    6   18.37    0.00   15.31    0.00    0.00    9.18    0.00    0.00    0.00   57.14
08:22:20 AM    7   13.54    0.00   10.42    0.00    0.00    0.00    0.00    0.00    0.00   76.04

08:22:20 AM  CPU    %usr   %nice    %sys %iowait    %irq   %soft  %steal  %guest  %gnice   %idle
08:22:21 AM  all   18.97    0.00   13.21    0.00    0.00    6.54    0.00    0.00    0.00   61.28
08:22:21 AM    0   15.31    0.00   11.22    0.00    0.00   45.92    0.00    0.00    0.00   27.55
08:22:21 AM    1   22.92    0.00    6.25    0.00    0.00    0.00    0.00    0.00    0.00   70.83
08:22:21 AM    2   22.68    0.00    8.25    0.00    0.00    0.00    0.00    0.00    0.00   69.07
08:22:21 AM    3   20.62    0.00    9.28    0.00    0.00    0.00    0.00    0.00    0.00   70.10
08:22:21 AM    4   17.89    0.00   12.63    0.00    0.00    0.00    0.00    0.00    0.00   69.47
08:22:21 AM    5   16.83    0.00   16.83    0.00    0.00    0.00    0.00    0.00    0.00   66.34
08:22:21 AM    6   17.89    0.00   18.95    0.00    0.00    6.32    0.00    0.00    0.00   56.84
08:22:21 AM    7   17.82    0.00   21.78    0.00    0.00    0.00    0.00    0.00    0.00   60.40

08:22:21 AM  CPU    %usr   %nice    %sys %iowait    %irq   %soft  %steal  %guest  %gnice   %idle
08:22:22 AM  all   19.43    0.00   12.10    0.00    0.00    6.56    0.00    0.00    0.00   61.90
08:22:22 AM    0   15.96    0.00   10.64    0.00    0.00   43.62    0.00    0.00    0.00   29.79
08:22:22 AM    1   22.34    0.00    5.32    0.00    0.00    0.00    0.00    0.00    0.00   72.34
08:22:22 AM    2   31.63    0.00   11.22    0.00    0.00    0.00    0.00    0.00    0.00   57.14
08:22:22 AM    3   22.22    0.00   14.14    0.00    0.00    0.00    0.00    0.00    0.00   63.64
08:22:22 AM    4   13.40    0.00   15.46    0.00    0.00    0.00    0.00    0.00    0.00   71.13
08:22:22 AM    5   16.67    0.00   11.46    0.00    0.00    0.00    0.00    0.00    0.00   71.88
08:22:22 AM    6   18.00    0.00   16.00    0.00    0.00   10.00    0.00    0.00    0.00   56.00
08:22:22 AM    7   15.15    0.00   12.12    0.00    0.00    0.00    0.00    0.00    0.00   72.73

08:22:22 AM  CPU    %usr   %nice    %sys %iowait    %irq   %soft  %steal  %guest  %gnice   %idle
08:22:23 AM  all   19.20    0.00   11.86    0.00    0.00    6.83    0.00    0.00    0.00   62.11
08:22:23 AM    0   14.29    0.00    8.16    0.00    0.00   46.94    0.00    0.00    0.00   30.61
08:22:23 AM    1   27.00    0.00   11.00    0.00    0.00    0.00    0.00    0.00    0.00   62.00
08:22:23 AM    2   25.26    0.00    9.47    0.00    0.00    0.00    0.00    0.00    0.00   65.26
08:22:23 AM    3   22.68    0.00   14.43    0.00    0.00    0.00    0.00    0.00    0.00   62.89
08:22:23 AM    4   19.59    0.00   11.34    0.00    0.00    0.00    0.00    0.00    0.00   69.07
08:22:23 AM    5   14.14    0.00   17.17    0.00    0.00    0.00    0.00    0.00    0.00   68.69
08:22:23 AM    6   15.05    0.00   11.83    0.00    0.00    7.53    0.00    0.00    0.00   65.59
08:22:23 AM    7   15.46    0.00   11.34    0.00    0.00    0.00    0.00    0.00    0.00   73.20

08:22:23 AM  CPU    %usr   %nice    %sys %iowait    %irq   %soft  %steal  %guest  %gnice   %idle
08:22:24 AM  all   17.50    0.00   12.61    0.00    0.00    5.41    0.00    0.00    0.00   64.48
08:22:24 AM    0   18.95    0.00   11.58    0.00    0.00   36.84    0.00    0.00    0.00   32.63
08:22:24 AM    1   17.82    0.00   11.88    0.00    0.00    0.00    0.00    0.00    0.00   70.30
08:22:24 AM    2   20.41    0.00   13.27    0.00    0.00    0.00    0.00    0.00    0.00   66.33
08:22:24 AM    3   21.05    0.00   10.53    0.00    0.00    0.00    0.00    0.00    0.00   68.42
08:22:24 AM    4   13.27    0.00   15.31    0.00    0.00    0.00    0.00    0.00    0.00   71.43
08:22:24 AM    5   18.37    0.00   12.24    0.00    0.00    0.00    0.00    0.00    0.00   69.39
08:22:24 AM    6   13.98    0.00   12.90    0.00    0.00    7.53    0.00    0.00    0.00   65.59
08:22:24 AM    7   16.16    0.00   13.13    0.00    0.00    0.00    0.00    0.00    0.00   70.71

08:22:24 AM  CPU    %usr   %nice    %sys %iowait    %irq   %soft  %steal  %guest  %gnice   %idle
08:22:25 AM  all   18.76    0.00   11.51    0.00    0.00    6.47    0.00    0.00    0.00   63.26
08:22:25 AM    0   16.67    0.00    7.29    0.00    0.00   42.71    0.00    0.00    0.00   33.33
08:22:25 AM    1   21.05    0.00    8.42    0.00    0.00    0.00    0.00    0.00    0.00   70.53
08:22:25 AM    2   28.57    0.00   13.27    0.00    0.00    0.00    0.00    0.00    0.00   58.16
08:22:25 AM    3   24.24    0.00   16.16    0.00    0.00    0.00    0.00    0.00    0.00   59.60
08:22:25 AM    4    9.47    0.00   12.63    0.00    0.00    0.00    0.00    0.00    0.00   77.89
08:22:25 AM    5   16.67    0.00   11.46    0.00    0.00    0.00    0.00    0.00    0.00   71.88
08:22:25 AM    6   15.31    0.00   11.22    0.00    0.00    9.18    0.00    0.00    0.00   64.29
08:22:25 AM    7   17.71    0.00   11.46    0.00    0.00    0.00    0.00    0.00    0.00   70.83

08:22:25 AM  CPU    %usr   %nice    %sys %iowait    %irq   %soft  %steal  %guest  %gnice   %idle
08:22:26 AM  all   20.67    0.00   11.81    0.00    0.00    5.91    0.00    0.00    0.00   61.62
08:22:26 AM    0   18.09    0.00   14.89    0.00    0.00   40.43    0.00    0.00    0.00   26.60
08:22:26 AM    1   23.47    0.00    9.18    0.00    0.00    0.00    0.00    0.00    0.00   67.35
08:22:26 AM    2   28.12    0.00    6.25    0.00    0.00    0.00    0.00    0.00    0.00   65.62
08:22:26 AM    3   28.71    0.00    7.92    0.00    0.00    0.00    0.00    0.00    0.00   63.37
08:22:26 AM    4   16.00    0.00   19.00    0.00    0.00    0.00    0.00    0.00    0.00   65.00
08:22:26 AM    5   17.00    0.00   12.00    0.00    0.00    0.00    0.00    0.00    0.00   71.00
08:22:26 AM    6   19.35    0.00    8.60    0.00    0.00    8.60    0.00    0.00    0.00   63.44
08:22:26 AM    7   14.43    0.00   16.49    0.00    0.00    0.00    0.00    0.00    0.00   69.07

08:22:26 AM  CPU    %usr   %nice    %sys %iowait    %irq   %soft  %steal  %guest  %gnice   %idle
08:22:27 AM  all   18.41    0.00   10.61    0.00    0.00    6.27    0.00    0.00    0.00   64.71
08:22:27 AM    0   15.84    0.00    7.92    0.00    0.00   42.57    0.00    0.00    0.00   33.66
08:22:27 AM    1   25.25    0.00   11.11    0.00    0.00    0.00    0.00    0.00    0.00   63.64
08:22:27 AM    2   23.71    0.00    6.19    0.00    0.00    0.00    0.00    0.00    0.00   70.10
08:22:27 AM    3   23.96    0.00    6.25    0.00    0.00    0.00    0.00    0.00    0.00   69.79
08:22:27 AM    4   13.40    0.00   14.43    0.00    0.00    0.00    0.00    0.00    0.00   72.16
08:22:27 AM    5   15.46    0.00   10.31    0.00    0.00    0.00    0.00    0.00    0.00   74.23
08:22:27 AM    6   15.15    0.00   15.15    0.00    0.00    6.06    0.00    0.00    0.00   63.64
08:22:27 AM    7   14.58    0.00   13.54    0.00    0.00    0.00    0.00    0.00    0.00   71.88

08:22:27 AM  CPU    %usr   %nice    %sys %iowait    %irq   %soft  %steal  %guest  %gnice   %idle
08:22:28 AM  all   20.36    0.00   12.24    0.00    0.00    6.83    0.00    0.00    0.00   60.57
08:22:28 AM    0   13.83    0.00    5.32    0.00    0.00   46.81    0.00    0.00    0.00   34.04
08:22:28 AM    1   23.47    0.00   15.31    0.00    0.00    0.00    0.00    0.00    0.00   61.22
08:22:28 AM    2   26.00    0.00   13.00    0.00    0.00    0.00    0.00    0.00    0.00   61.00
08:22:28 AM    3   20.20    0.00   14.14    0.00    0.00    0.00    0.00    0.00    0.00   65.66
08:22:28 AM    4   21.88    0.00   12.50    0.00    0.00    0.00    0.00    0.00    0.00   65.62
08:22:28 AM    5   19.39    0.00   13.27    0.00    0.00    0.00    0.00    0.00    0.00   67.35
08:22:28 AM    6   18.75    0.00   11.46    0.00    0.00    9.38    0.00    0.00    0.00   60.42
08:22:28 AM    7   18.95    0.00   12.63    0.00    0.00    0.00    0.00    0.00    0.00   68.42

08:22:28 AM  CPU    %usr   %nice    %sys %iowait    %irq   %soft  %steal  %guest  %gnice   %idle
08:22:29 AM  all   17.48    0.00   11.31    0.00    0.00    6.56    0.00    0.00    0.00   64.65
08:22:29 AM    0   12.24    0.00   11.22    0.00    0.00   44.90    0.00    0.00    0.00   31.63
08:22:29 AM    1   21.05    0.00   12.63    0.00    0.00    0.00    0.00    0.00    0.00   66.32
08:22:29 AM    2   21.88    0.00    8.33    0.00    0.00    0.00    0.00    0.00    0.00   69.79
08:22:29 AM    3   21.88    0.00   13.54    0.00    0.00    0.00    0.00    0.00    0.00   64.58
08:22:29 AM    4   17.17    0.00    8.08    0.00    0.00    0.00    0.00    0.00    0.00   74.75
08:22:29 AM    5   16.83    0.00   13.86    0.00    0.00    0.00    0.00    0.00    0.00   69.31
08:22:29 AM    6   15.31    0.00   12.24    0.00    0.00    7.14    0.00    0.00    0.00   65.31
08:22:29 AM    7   13.68    0.00   10.53    0.00    0.00    0.00    0.00    0.00    0.00   75.79

08:22:29 AM  CPU    %usr   %nice    %sys %iowait    %irq   %soft  %steal  %guest  %gnice   %idle
08:22:30 AM  all   20.00    0.00   12.26    0.00    0.00    6.97    0.00    0.00    0.00   60.77
08:22:30 AM    0   15.31    0.00   11.22    0.00    0.00   44.90    0.00    0.00    0.00   28.57
08:22:30 AM    1   26.60    0.00   11.70    0.00    0.00    0.00    0.00    0.00    0.00   61.70
08:22:30 AM    2   29.90    0.00   11.34    0.00    0.00    0.00    0.00    0.00    0.00   58.76
08:22:30 AM    3   20.83    0.00   15.62    0.00    0.00    0.00    0.00    0.00    0.00   63.54
08:22:30 AM    4   17.17    0.00   14.14    0.00    0.00    0.00    0.00    0.00    0.00   68.69
08:22:30 AM    5   20.00    0.00    9.47    0.00    0.00    0.00    0.00    0.00    0.00   70.53
08:22:30 AM    6   13.27    0.00   14.29    0.00    0.00   10.20    0.00    0.00    0.00   62.24
08:22:30 AM    7   17.35    0.00   10.20    0.00    0.00    0.00    0.00    0.00    0.00   72.45

08:22:30 AM  CPU    %usr   %nice    %sys %iowait    %irq   %soft  %steal  %guest  %gnice   %idle
08:22:31 AM  all   16.23    0.00   10.65    0.00    0.00    5.58    0.00    0.00    0.00   67.53
08:22:31 AM    0   19.15    0.00   12.77    0.00    0.00   37.23    0.00    0.00    0.00   30.85
08:22:31 AM    1   20.62    0.00    9.28    0.00    0.00    0.00    0.00    0.00    0.00   70.10
08:22:31 AM    2   16.84    0.00    8.42    0.00    0.00    0.00    0.00    0.00    0.00   74.74
08:22:31 AM    3   23.71    0.00    8.25    0.00    0.00    0.00    0.00    0.00    0.00   68.04
08:22:31 AM    4   12.50    0.00   11.46    0.00    0.00    0.00    0.00    0.00    0.00   76.04
08:22:31 AM    5   13.13    0.00   13.13    0.00    0.00    0.00    0.00    0.00    0.00   73.74
08:22:31 AM    6   12.77    0.00   10.64    0.00    0.00    8.51    0.00    0.00    0.00   68.09
08:22:31 AM    7   11.22    0.00   11.22    0.00    0.00    0.00    0.00    0.00    0.00   77.55

08:22:31 AM  CPU    %usr   %nice    %sys %iowait    %irq   %soft  %steal  %guest  %gnice   %idle
08:22:32 AM  all   18.22    0.00   11.89    0.00    0.00    7.11    0.00    0.00    0.00   62.79
08:22:32 AM    0   14.00    0.00   10.00    0.00    0.00   48.00    0.00    0.00    0.00   28.00
08:22:32 AM    1   24.21    0.00   10.53    0.00    0.00    0.00    0.00    0.00    0.00   65.26
08:22:32 AM    2   19.79    0.00   13.54    0.00    0.00    0.00    0.00    0.00    0.00   66.67
08:22:32 AM    3   19.79    0.00    9.38    0.00    0.00    0.00    0.00    0.00    0.00   70.83
08:22:32 AM    4   18.95    0.00   12.63    0.00    0.00    0.00    0.00    0.00    0.00   68.42
08:22:32 AM    5   18.56    0.00    7.22    0.00    0.00    0.00    0.00    0.00    0.00   74.23
08:22:32 AM    6   15.46    0.00   18.56    0.00    0.00    7.22    0.00    0.00    0.00   58.76
08:22:32 AM    7   15.31    0.00   13.27    0.00    0.00    0.00    0.00    0.00    0.00   71.43

08:22:32 AM  CPU    %usr   %nice    %sys %iowait    %irq   %soft  %steal  %guest  %gnice   %idle
08:22:33 AM  all   17.44    0.00   12.69    0.00    0.00    6.03    0.00    0.00    0.00   63.85
08:22:33 AM    0   16.13    0.00   11.83    0.00    0.00   39.78    0.00    0.00    0.00   32.26
08:22:33 AM    1   19.39    0.00   12.24    0.00    0.00    0.00    0.00    0.00    0.00   68.37
08:22:33 AM    2   18.95    0.00    8.42    0.00    0.00    0.00    0.00    0.00    0.00   72.63
08:22:33 AM    3   22.22    0.00    8.08    0.00    0.00    0.00    0.00    0.00    0.00   69.70
08:22:33 AM    4   16.49    0.00   15.46    0.00    0.00    0.00    0.00    0.00    0.00   68.04
08:22:33 AM    5   15.15    0.00   16.16    0.00    0.00    0.00    0.00    0.00    0.00   68.69
08:22:33 AM    6   18.00    0.00   14.00    0.00    0.00   10.00    0.00    0.00    0.00   58.00
08:22:33 AM    7   13.13    0.00   15.15    0.00    0.00    0.00    0.00    0.00    0.00   71.72

08:22:33 AM  CPU    %usr   %nice    %sys %iowait    %irq   %soft  %steal  %guest  %gnice   %idle
08:22:34 AM  all   21.77    0.00   12.55    0.00    0.00    6.79    0.00    0.00    0.00   58.90
08:22:34 AM    0   21.65    0.00   11.34    0.00    0.00   43.30    0.00    0.00    0.00   23.71
08:22:34 AM    1   23.47    0.00   13.27    0.00    0.00    0.00    0.00    0.00    0.00   63.27
08:22:34 AM    2   29.17    0.00   10.42    0.00    0.00    0.00    0.00    0.00    0.00   60.42
08:22:34 AM    3   22.92    0.00    6.25    0.00    0.00    0.00    0.00    0.00    0.00   70.83
08:22:34 AM    4   18.37    0.00   19.39    0.00    0.00    0.00    0.00    0.00    0.00   62.24
08:22:34 AM    5   22.00    0.00   15.00    0.00    0.00    0.00    0.00    0.00    0.00   63.00
08:22:34 AM    6   17.35    0.00   12.24    0.00    0.00   11.22    0.00    0.00    0.00   59.18
08:22:34 AM    7   19.39    0.00   12.24    0.00    0.00    0.00    0.00    0.00    0.00   68.37

08:22:34 AM  CPU    %usr   %nice    %sys %iowait    %irq   %soft  %steal  %guest  %gnice   %idle
08:22:35 AM  all   19.72    0.00   12.37    0.00    0.00    6.31    0.00    0.00    0.00   61.60
08:22:35 AM    0   13.83    0.00    9.57    0.00    0.00   44.68    0.00    0.00    0.00   31.91
08:22:35 AM    1   21.65    0.00   11.34    0.00    0.00    0.00    0.00    0.00    0.00   67.01
08:22:35 AM    2   28.12    0.00   10.42    0.00    0.00    0.00    0.00    0.00    0.00   61.46
08:22:35 AM    3   25.77    0.00   11.34    0.00    0.00    0.00    0.00    0.00    0.00   62.89
08:22:35 AM    4   21.21    0.00   13.13    0.00    0.00    0.00    0.00    0.00    0.00   65.66
08:22:35 AM    5   16.67    0.00   11.46    0.00    0.00    0.00    0.00    0.00    0.00   71.88
08:22:35 AM    6   14.29    0.00   15.31    0.00    0.00    7.14    0.00    0.00    0.00   63.27
08:22:35 AM    7   16.16    0.00   16.16    0.00    0.00    0.00    0.00    0.00    0.00   67.68

08:22:35 AM  CPU    %usr   %nice    %sys %iowait    %irq   %soft  %steal  %guest  %gnice   %idle
08:22:36 AM  all   20.44    0.00   11.90    0.00    0.00    6.34    0.00    0.00    0.00   61.32
08:22:36 AM    0   20.43    0.00    8.60    0.00    0.00   41.94    0.00    0.00    0.00   29.03
08:22:36 AM    1   25.00    0.00   11.46    0.00    0.00    0.00    0.00    0.00    0.00   63.54
08:22:36 AM    2   28.57    0.00   14.29    0.00    0.00    0.00    0.00    0.00    0.00   57.14
08:22:36 AM    3   20.21    0.00   11.70    0.00    0.00    0.00    0.00    0.00    0.00   68.09
08:22:36 AM    4   15.31    0.00   16.33    0.00    0.00    1.02    0.00    0.00    0.00   67.35
08:22:36 AM    5   20.20    0.00   11.11    0.00    0.00    0.00    0.00    0.00    0.00   68.69
08:22:36 AM    6   16.84    0.00    7.37    0.00    0.00    9.47    0.00    0.00    0.00   66.32
08:22:36 AM    7   17.00    0.00   14.00    0.00    0.00    0.00    0.00    0.00    0.00   69.00

08:22:36 AM  CPU    %usr   %nice    %sys %iowait    %irq   %soft  %steal  %guest  %gnice   %idle
08:22:37 AM  all   17.59    0.00   11.68    0.00    0.00    7.06    0.00    0.00    0.00   63.67
08:22:37 AM    0   13.40    0.00   12.37    0.00    0.00   45.36    0.00    0.00    0.00   28.87
08:22:37 AM    1   21.28    0.00   10.64    0.00    0.00    0.00    0.00    0.00    0.00   68.09
08:22:37 AM    2   21.00    0.00    8.00    0.00    0.00    0.00    0.00    0.00    0.00   71.00
08:22:37 AM    3   16.67    0.00   16.67    0.00    0.00    0.00    0.00    0.00    0.00   66.67
08:22:37 AM    4   18.75    0.00   12.50    0.00    0.00    0.00    0.00    0.00    0.00   68.75
08:22:37 AM    5   18.37    0.00   11.22    0.00    0.00    0.00    0.00    0.00    0.00   70.41
08:22:37 AM    6   14.00    0.00   11.00    0.00    0.00   11.00    0.00    0.00    0.00   64.00
08:22:37 AM    7   17.35    0.00   11.22    0.00    0.00    0.00    0.00    0.00    0.00   71.43

08:22:37 AM  CPU    %usr   %nice    %sys %iowait    %irq   %soft  %steal  %guest  %gnice   %idle
08:22:38 AM  all   18.40    0.00   12.87    0.00    0.00    5.92    0.00    0.00    0.00   62.81
08:22:38 AM    0   12.90    0.00    7.53    0.00    0.00   43.01    0.00    0.00    0.00   36.56
08:22:38 AM    1   27.27    0.00    9.09    0.00    0.00    0.00    0.00    0.00    0.00   63.64
08:22:38 AM    2   19.79    0.00    6.25    0.00    0.00    0.00    0.00    0.00    0.00   73.96
08:22:38 AM    3   21.43    0.00   15.31    0.00    0.00    0.00    0.00    0.00    0.00   63.27
08:22:38 AM    4   13.86    0.00   19.80    0.00    0.00    0.00    0.00    0.00    0.00   66.34
08:22:38 AM    5   16.49    0.00   14.43    0.00    0.00    0.00    0.00    0.00    0.00   69.07
08:22:38 AM    6   18.09    0.00   15.96    0.00    0.00    6.38    0.00    0.00    0.00   59.57
08:22:38 AM    7   17.17    0.00   14.14    0.00    0.00    0.00    0.00    0.00    0.00   68.69

08:22:38 AM  CPU    %usr   %nice    %sys %iowait    %irq   %soft  %steal  %guest  %gnice   %idle
08:22:39 AM  all   17.31    0.00   12.69    0.00    0.00    6.28    0.00    0.00    0.00   63.72
08:22:39 AM    0   13.40    0.00   13.40    0.00    0.00   43.30    0.00    0.00    0.00   29.90
08:22:39 AM    1   23.47    0.00   10.20    0.00    0.00    0.00    0.00    0.00    0.00   66.33
08:22:39 AM    2   18.56    0.00   12.37    0.00    0.00    0.00    0.00    0.00    0.00   69.07
08:22:39 AM    3   20.20    0.00   15.15    0.00    0.00    0.00    0.00    0.00    0.00   64.65
08:22:39 AM    4   17.53    0.00   13.40    0.00    0.00    0.00    0.00    0.00    0.00   69.07
08:22:39 AM    5   16.49    0.00    8.25    0.00    0.00    0.00    0.00    0.00    0.00   75.26
08:22:39 AM    6   14.14    0.00   16.16    0.00    0.00    7.07    0.00    0.00    0.00   62.63
08:22:39 AM    7   14.58    0.00   12.50    0.00    0.00    0.00    0.00    0.00    0.00   72.92

08:22:39 AM  CPU    %usr   %nice    %sys %iowait    %irq   %soft  %steal  %guest  %gnice   %idle
08:22:40 AM  all   17.84    0.00   10.14    0.00    0.00    6.55    0.00    0.00    0.00   65.47
08:22:40 AM    0   14.43    0.00   15.46    0.00    0.00   43.30    0.00    0.00    0.00   26.80
08:22:40 AM    1   19.59    0.00    7.22    0.00    0.00    0.00    0.00    0.00    0.00   73.20
08:22:40 AM    2   21.88    0.00    7.29    0.00    0.00    0.00    0.00    0.00    0.00   70.83
08:22:40 AM    3   24.21    0.00    5.26    0.00    0.00    0.00    0.00    0.00    0.00   70.53
08:22:40 AM    4   15.00    0.00   12.00    0.00    0.00    0.00    0.00    0.00    0.00   73.00
08:22:40 AM    5   16.83    0.00   12.87    0.00    0.00    0.00    0.00    0.00    0.00   70.30
08:22:40 AM    6   14.74    0.00    9.47    0.00    0.00    9.47    0.00    0.00    0.00   66.32
08:22:40 AM    7   16.33    0.00   11.22    0.00    0.00    0.00    0.00    0.00    0.00   72.45

08:22:40 AM  CPU    %usr   %nice    %sys %iowait    %irq   %soft  %steal  %guest  %gnice   %idle
08:22:41 AM  all   20.28    0.00   12.07    0.00    0.00    5.78    0.00    0.00    0.00   61.87
08:22:41 AM    0   22.92    0.00   12.50    0.00    0.00   38.54    0.00    0.00    0.00   26.04
08:22:41 AM    1   21.88    0.00   13.54    0.00    0.00    0.00    0.00    0.00    0.00   64.58
08:22:41 AM    2   29.29    0.00   10.10    0.00    0.00    0.00    0.00    0.00    0.00   60.61
08:22:41 AM    3   21.88    0.00   13.54    0.00    0.00    0.00    0.00    0.00    0.00   64.58
08:22:41 AM    4   16.49    0.00   10.31    0.00    0.00    0.00    0.00    0.00    0.00   73.20
08:22:41 AM    5   17.00    0.00   14.00    0.00    0.00    0.00    0.00    0.00    0.00   69.00
08:22:41 AM    6   15.46    0.00   12.37    0.00    0.00    8.25    0.00    0.00    0.00   63.92
08:22:41 AM    7   17.35    0.00   10.20    0.00    0.00    0.00    0.00    0.00    0.00   72.45

08:22:41 AM  CPU    %usr   %nice    %sys %iowait    %irq   %soft  %steal  %guest  %gnice   %idle
08:22:42 AM  all   17.77    0.00   12.58    0.00    0.00    5.97    0.00    0.00    0.00   63.68
08:22:42 AM    0   14.58    0.00    8.33    0.00    0.00   43.75    0.00    0.00    0.00   33.33
08:22:42 AM    1   25.77    0.00   13.40    0.00    0.00    0.00    0.00    0.00    0.00   60.82
08:22:42 AM    2   25.25    0.00   15.15    0.00    0.00    0.00    0.00    0.00    0.00   59.60
08:22:42 AM    3   18.37    0.00   10.20    0.00    0.00    0.00    0.00    0.00    0.00   71.43
08:22:42 AM    4   12.12    0.00   20.20    0.00    0.00    0.00    0.00    0.00    0.00   67.68
08:22:42 AM    5   16.67    0.00   11.46    0.00    0.00    0.00    0.00    0.00    0.00   71.88
08:22:42 AM    6   16.13    0.00   10.75    0.00    0.00    4.30    0.00    0.00    0.00   68.82
08:22:42 AM    7   12.90    0.00   10.75    0.00    0.00    0.00    0.00    0.00    0.00   76.34

Average:     CPU    %usr   %nice    %sys %iowait    %irq   %soft  %steal  %guest  %gnice   %idle
Average:     all   18.62    0.00   11.78    0.00    0.00    6.14    0.00    0.00    0.00   63.46
Average:       0   16.41    0.00   10.60    0.00    0.00   41.98    0.00    0.00    0.00   31.01
Average:       1   23.15    0.00   11.19    0.00    0.00    0.03    0.00    0.00    0.00   65.64
Average:       2   23.43    0.00   11.05    0.00    0.00    0.00    0.00    0.00    0.00   65.53
Average:       3   21.84    0.00   11.19    0.00    0.00    0.03    0.00    0.00    0.00   66.94
Average:       4   16.21    0.00   13.56    0.00    0.00    0.03    0.00    0.00    0.00   70.20
Average:       5   16.64    0.00   11.89    0.00    0.00    0.00    0.00    0.00    0.00   71.47
Average:       6   15.99    0.00   12.43    0.00    0.00    7.76    0.00    0.00    0.00   63.81
Average:       7   15.26    0.00   12.29    0.00    0.00    0.00    0.00    0.00    0.00   72.45
