Linux 6.1.141 (king) 	08/20/2026 	_aarch64_	(8 CPU)

08:19:37 AM  CPU    %usr   %nice    %sys %iowait    %irq   %soft  %steal  %guest  %gnice   %idle
08:19:38 AM  all   17.47    0.00   11.48    0.00    0.00    5.87    0.00    0.00    0.00   65.18
08:19:38 AM    0    9.38    0.00    6.25    0.00    0.00   47.92    0.00    0.00    0.00   36.46
08:19:38 AM    1   22.22    0.00   12.12    0.00    0.00    0.00    0.00    0.00    0.00   65.66
08:19:38 AM    2   21.65    0.00   14.43    0.00    0.00    0.00    0.00    0.00    0.00   63.92
08:19:38 AM    3   27.27    0.00   17.17    0.00    0.00    0.00    0.00    0.00    0.00   55.56
08:19:38 AM    4   14.00    0.00   15.00    0.00    0.00    0.00    0.00    0.00    0.00   71.00
08:19:38 AM    5   14.29    0.00    8.16    0.00    0.00    0.00    0.00    0.00    0.00   77.55
08:19:38 AM    6   15.79    0.00    9.47    0.00    0.00    0.00    0.00    0.00    0.00   74.74
08:19:38 AM    7   15.00    0.00    9.00    0.00    0.00    0.00    0.00    0.00    0.00   76.00

08:19:38 AM  CPU    %usr   %nice    %sys %iowait    %irq   %soft  %steal  %guest  %gnice   %idle
08:19:39 AM  all   15.47    0.00   10.92    0.00    0.00    5.07    0.00    0.00    0.00   68.53
08:19:39 AM    0    9.78    0.00    9.78    0.00    0.00   42.39    0.00    0.00    0.00   38.04
08:19:39 AM    1   15.46    0.00   14.43    0.00    0.00    0.00    0.00    0.00    0.00   70.10
08:19:39 AM    2   21.43    0.00    9.18    0.00    0.00    0.00    0.00    0.00    0.00   69.39
08:19:39 AM    3   21.65    0.00   14.43    0.00    0.00    0.00    0.00    0.00    0.00   63.92
08:19:39 AM    4   15.62    0.00   12.50    0.00    0.00    0.00    0.00    0.00    0.00   71.88
08:19:39 AM    5   14.29    0.00   11.22    0.00    0.00    0.00    0.00    0.00    0.00   74.49
08:19:39 AM    6   13.83    0.00    6.38    0.00    0.00    0.00    0.00    0.00    0.00   79.79
08:19:39 AM    7   11.34    0.00    9.28    0.00    0.00    0.00    0.00    0.00    0.00   79.38

08:19:39 AM  CPU    %usr   %nice    %sys %iowait    %irq   %soft  %steal  %guest  %gnice   %idle
08:19:40 AM  all   17.63    0.00   11.20    0.00    0.00    6.05    0.00    0.00    0.00   65.12
08:19:40 AM    0   14.29    0.00    6.12    0.00    0.00   47.96    0.00    0.00    0.00   31.63
08:19:40 AM    1   24.21    0.00   12.63    0.00    0.00    0.00    0.00    0.00    0.00   63.16
08:19:40 AM    2   20.00    0.00   14.74    0.00    0.00    0.00    0.00    0.00    0.00   65.26
08:19:40 AM    3   22.22    0.00   10.10    0.00    0.00    0.00    0.00    0.00    0.00   67.68
08:19:40 AM    4   14.29    0.00   13.27    0.00    0.00    0.00    0.00    0.00    0.00   72.45
08:19:40 AM    5   18.37    0.00   10.20    0.00    0.00    0.00    0.00    0.00    0.00   71.43
08:19:40 AM    6   16.33    0.00   11.22    0.00    0.00    0.00    0.00    0.00    0.00   72.45
08:19:40 AM    7   11.46    0.00   11.46    0.00    0.00    0.00    0.00    0.00    0.00   77.08

08:19:40 AM  CPU    %usr   %nice    %sys %iowait    %irq   %soft  %steal  %guest  %gnice   %idle
08:19:41 AM  all   19.16    0.00   13.41    0.00    0.00    6.00    0.00    0.00    0.00   61.43
08:19:41 AM    0   12.63    0.00    8.42    0.00    0.00   49.47    0.00    0.00    0.00   29.47
08:19:41 AM    1   20.41    0.00   15.31    0.00    0.00    0.00    0.00    0.00    0.00   64.29
08:19:41 AM    2   20.41    0.00   18.37    0.00    0.00    0.00    0.00    0.00    0.00   61.22
08:19:41 AM    3   23.23    0.00   11.11    0.00    0.00    0.00    0.00    0.00    0.00   65.66
08:19:41 AM    4   19.19    0.00   16.16    0.00    0.00    0.00    0.00    0.00    0.00   64.65
08:19:41 AM    5   17.89    0.00   13.68    0.00    0.00    0.00    0.00    0.00    0.00   68.42
08:19:41 AM    6   18.18    0.00   15.15    0.00    0.00    0.00    0.00    0.00    0.00   66.67
08:19:41 AM    7   21.00    0.00    9.00    0.00    0.00    0.00    0.00    0.00    0.00   70.00

08:19:41 AM  CPU    %usr   %nice    %sys %iowait    %irq   %soft  %steal  %guest  %gnice   %idle
08:19:42 AM  all   18.17    0.00   12.81    0.00    0.00    7.06    0.00    0.00    0.00   61.96
08:19:42 AM    0   11.34    0.00    6.19    0.00    0.00   55.67    0.00    0.00    0.00   26.80
08:19:42 AM    1   21.28    0.00   15.96    0.00    0.00    0.00    0.00    0.00    0.00   62.77
08:19:42 AM    2   23.40    0.00   20.21    0.00    0.00    0.00    0.00    0.00    0.00   56.38
08:19:42 AM    3   22.11    0.00   11.58    0.00    0.00    0.00    0.00    0.00    0.00   66.32
08:19:42 AM    4   16.67    0.00   16.67    0.00    0.00    0.00    0.00    0.00    0.00   66.67
08:19:42 AM    5   18.75    0.00   10.42    0.00    0.00    0.00    0.00    0.00    0.00   70.83
08:19:42 AM    6   16.33    0.00   12.24    0.00    0.00    0.00    0.00    0.00    0.00   71.43
08:19:42 AM    7   15.79    0.00    9.47    0.00    0.00    0.00    0.00    0.00    0.00   74.74

08:19:42 AM  CPU    %usr   %nice    %sys %iowait    %irq   %soft  %steal  %guest  %gnice   %idle
08:19:43 AM  all   18.25    0.00   12.47    0.00    0.00    6.81    0.00    0.00    0.00   62.47
08:19:43 AM    0    6.12    0.00   10.20    0.00    0.00   54.08    0.00    0.00    0.00   29.59
08:19:43 AM    1   25.25    0.00   13.13    0.00    0.00    0.00    0.00    0.00    0.00   61.62
08:19:43 AM    2   23.47    0.00   14.29    0.00    0.00    0.00    0.00    0.00    0.00   62.24
08:19:43 AM    3   26.53    0.00   18.37    0.00    0.00    0.00    0.00    0.00    0.00   55.10
08:19:43 AM    4   17.71    0.00   12.50    0.00    0.00    0.00    0.00    0.00    0.00   69.79
08:19:43 AM    5   20.00    0.00    8.42    0.00    0.00    0.00    0.00    0.00    0.00   71.58
08:19:43 AM    6   13.40    0.00   11.34    0.00    0.00    0.00    0.00    0.00    0.00   75.26
08:19:43 AM    7   13.40    0.00   11.34    0.00    0.00    0.00    0.00    0.00    0.00   75.26

08:19:43 AM  CPU    %usr   %nice    %sys %iowait    %irq   %soft  %steal  %guest  %gnice   %idle
08:19:44 AM  all   17.41    0.00   11.52    0.00    0.00    6.41    0.00    0.00    0.00   64.66
08:19:44 AM    0   15.31    0.00    8.16    0.00    0.00   50.00    0.00    0.00    0.00   26.53
08:19:44 AM    1   18.28    0.00   10.75    0.00    0.00    0.00    0.00    0.00    0.00   70.97
08:19:44 AM    2   23.66    0.00   10.75    0.00    0.00    0.00    0.00    0.00    0.00   65.59
08:19:44 AM    3   20.62    0.00   14.43    0.00    0.00    0.00    0.00    0.00    0.00   64.95
08:19:44 AM    4   14.74    0.00   11.58    0.00    0.00    0.00    0.00    0.00    0.00   73.68
08:19:44 AM    5   16.49    0.00   12.37    0.00    0.00    0.00    0.00    0.00    0.00   71.13
08:19:44 AM    6   15.46    0.00   15.46    0.00    0.00    0.00    0.00    0.00    0.00   69.07
08:19:44 AM    7   14.89    0.00    8.51    0.00    0.00    0.00    0.00    0.00    0.00   76.60

08:19:44 AM  CPU    %usr   %nice    %sys %iowait    %irq   %soft  %steal  %guest  %gnice   %idle
08:19:45 AM  all   18.08    0.00   12.22    0.00    0.00    6.11    0.00    0.00    0.00   63.59
08:19:45 AM    0   10.87    0.00    6.52    0.00    0.00   51.09    0.00    0.00    0.00   31.52
08:19:45 AM    1   19.79    0.00   14.58    0.00    0.00    0.00    0.00    0.00    0.00   65.62
08:19:45 AM    2   22.68    0.00   16.49    0.00    0.00    0.00    0.00    0.00    0.00   60.82
08:19:45 AM    3   26.32    0.00   13.68    0.00    0.00    0.00    0.00    0.00    0.00   60.00
08:19:45 AM    4   17.17    0.00   14.14    0.00    0.00    0.00    0.00    0.00    0.00   68.69
08:19:45 AM    5   14.58    0.00   13.54    0.00    0.00    0.00    0.00    0.00    0.00   71.88
08:19:45 AM    6   18.56    0.00    9.28    0.00    0.00    0.00    0.00    0.00    0.00   72.16
08:19:45 AM    7   14.43    0.00    9.28    0.00    0.00    0.00    0.00    0.00    0.00   76.29

08:19:45 AM  CPU    %usr   %nice    %sys %iowait    %irq   %soft  %steal  %guest  %gnice   %idle
08:19:46 AM  all   16.02    0.00   12.66    0.00    0.00    5.56    0.00    0.00    0.00   65.76
08:19:46 AM    0   13.27    0.00   14.29    0.00    0.00   43.88    0.00    0.00    0.00   28.57
08:19:46 AM    1   23.40    0.00   15.96    0.00    0.00    0.00    0.00    0.00    0.00   60.64
08:19:46 AM    2   20.00    0.00   16.84    0.00    0.00    0.00    0.00    0.00    0.00   63.16
08:19:46 AM    3   17.53    0.00   15.46    0.00    0.00    0.00    0.00    0.00    0.00   67.01
08:19:46 AM    4   13.27    0.00    8.16    0.00    0.00    0.00    0.00    0.00    0.00   78.57
08:19:46 AM    5   14.58    0.00   10.42    0.00    0.00    0.00    0.00    0.00    0.00   75.00
08:19:46 AM    6   12.24    0.00    9.18    0.00    0.00    0.00    0.00    0.00    0.00   78.57
08:19:46 AM    7   14.29    0.00   11.22    0.00    0.00    0.00    0.00    0.00    0.00   74.49

08:19:46 AM  CPU    %usr   %nice    %sys %iowait    %irq   %soft  %steal  %guest  %gnice   %idle
08:19:47 AM  all   18.63    0.00   10.87    0.00    0.00    6.60    0.00    0.00    0.00   63.91
08:19:47 AM    0   14.29    0.00   11.22    0.00    0.00   52.04    0.00    0.00    0.00   22.45
08:19:47 AM    1   22.11    0.00   17.89    0.00    0.00    0.00    0.00    0.00    0.00   60.00
08:19:47 AM    2   22.34    0.00    5.32    0.00    0.00    0.00    0.00    0.00    0.00   72.34
08:19:47 AM    3   26.32    0.00   14.74    0.00    0.00    0.00    0.00    0.00    0.00   58.95
08:19:47 AM    4   20.20    0.00    9.09    0.00    0.00    0.00    0.00    0.00    0.00   70.71
08:19:47 AM    5   17.35    0.00   12.24    0.00    0.00    0.00    0.00    0.00    0.00   70.41
08:19:47 AM    6   14.43    0.00   11.34    0.00    0.00    0.00    0.00    0.00    0.00   74.23
08:19:47 AM    7   12.37    0.00    5.15    0.00    0.00    0.00    0.00    0.00    0.00   82.47

08:19:47 AM  CPU    %usr   %nice    %sys %iowait    %irq   %soft  %steal  %guest  %gnice   %idle
08:19:48 AM  all   17.29    0.00   10.84    0.00    0.00    5.81    0.00    0.00    0.00   66.06
08:19:48 AM    0    8.51    0.00    5.32    0.00    0.00   47.87    0.00    0.00    0.00   38.30
08:19:48 AM    1   19.59    0.00    9.28    0.00    0.00    0.00    0.00    0.00    0.00   71.13
08:19:48 AM    2   21.78    0.00   12.87    0.00    0.00    0.00    0.00    0.00    0.00   65.35
08:19:48 AM    3   24.74    0.00   12.37    0.00    0.00    0.00    0.00    0.00    0.00   62.89
08:19:48 AM    4   14.74    0.00   13.68    0.00    0.00    0.00    0.00    0.00    0.00   71.58
08:19:48 AM    5   18.18    0.00   12.12    0.00    0.00    0.00    0.00    0.00    0.00   69.70
08:19:48 AM    6   13.68    0.00   12.63    0.00    0.00    0.00    0.00    0.00    0.00   73.68
08:19:48 AM    7   16.49    0.00    8.25    0.00    0.00    0.00    0.00    0.00    0.00   75.26

08:19:48 AM  CPU    %usr   %nice    %sys %iowait    %irq   %soft  %steal  %guest  %gnice   %idle
08:19:49 AM  all   20.03    0.00   12.50    0.00    0.00    7.27    0.00    0.00    0.00   60.20
08:19:49 AM    0   11.76    0.00    4.90    0.00    0.00   55.88    0.00    0.00    0.00   27.45
08:19:49 AM    1   28.57    0.00   16.33    0.00    0.00    0.00    0.00    0.00    0.00   55.10
08:19:49 AM    2   20.20    0.00   21.21    0.00    0.00    0.00    0.00    0.00    0.00   58.59
08:19:49 AM    3   22.68    0.00   14.43    0.00    0.00    0.00    0.00    0.00    0.00   62.89
08:19:49 AM    4   18.75    0.00   10.42    0.00    0.00    0.00    0.00    0.00    0.00   70.83
08:19:49 AM    5   22.00    0.00   12.00    0.00    0.00    0.00    0.00    0.00    0.00   66.00
08:19:49 AM    6   18.95    0.00   12.63    0.00    0.00    0.00    0.00    0.00    0.00   68.42
08:19:49 AM    7   17.53    0.00    8.25    0.00    0.00    0.00    0.00    0.00    0.00   74.23

08:19:49 AM  CPU    %usr   %nice    %sys %iowait    %irq   %soft  %steal  %guest  %gnice   %idle
08:19:50 AM  all   19.49    0.00   11.97    0.00    0.00    6.88    0.00    0.00    0.00   61.66
08:19:50 AM    0    7.92    0.00    9.90    0.00    0.00   53.47    0.00    0.00    0.00   28.71
08:19:50 AM    1   24.24    0.00   14.14    0.00    0.00    0.00    0.00    0.00    0.00   61.62
08:19:50 AM    2   20.62    0.00   14.43    0.00    0.00    0.00    0.00    0.00    0.00   64.95
08:19:50 AM    3   26.26    0.00   15.15    0.00    0.00    0.00    0.00    0.00    0.00   58.59
08:19:50 AM    4   20.62    0.00   12.37    0.00    0.00    0.00    0.00    0.00    0.00   67.01
08:19:50 AM    5   20.20    0.00   13.13    0.00    0.00    0.00    0.00    0.00    0.00   66.67
08:19:50 AM    6   19.59    0.00    9.28    0.00    0.00    0.00    0.00    0.00    0.00   71.13
08:19:50 AM    7   16.67    0.00    7.29    0.00    0.00    0.00    0.00    0.00    0.00   76.04

08:19:50 AM  CPU    %usr   %nice    %sys %iowait    %irq   %soft  %steal  %guest  %gnice   %idle
08:19:51 AM  all   18.67    0.00   13.43    0.00    0.00    6.91    0.00    0.00    0.00   61.00
08:19:51 AM    0   12.87    0.00    6.93    0.00    0.00   53.47    0.00    0.00    0.00   26.73
08:19:51 AM    1   20.00    0.00   14.74    0.00    0.00    0.00    0.00    0.00    0.00   65.26
08:19:51 AM    2   24.74    0.00   16.49    0.00    0.00    0.00    0.00    0.00    0.00   58.76
08:19:51 AM    3   23.00    0.00   15.00    0.00    0.00    0.00    0.00    0.00    0.00   62.00
08:19:51 AM    4   18.95    0.00   13.68    0.00    0.00    0.00    0.00    0.00    0.00   67.37
08:19:51 AM    5   19.79    0.00   11.46    0.00    0.00    0.00    0.00    0.00    0.00   68.75
08:19:51 AM    6   14.43    0.00   16.49    0.00    0.00    0.00    0.00    0.00    0.00   69.07
08:19:51 AM    7   15.84    0.00   12.87    0.00    0.00    0.00    0.00    0.00    0.00   71.29

08:19:51 AM  CPU    %usr   %nice    %sys %iowait    %irq   %soft  %steal  %guest  %gnice   %idle
08:19:52 AM  all   18.59    0.00   11.28    0.00    0.00    6.28    0.00    0.00    0.00   63.85
08:19:52 AM    0    8.08    0.00   10.10    0.00    0.00   49.49    0.00    0.00    0.00   32.32
08:19:52 AM    1   25.51    0.00   14.29    0.00    0.00    0.00    0.00    0.00    0.00   60.20
08:19:52 AM    2   20.83    0.00   11.46    0.00    0.00    0.00    0.00    0.00    0.00   67.71
08:19:52 AM    3   24.74    0.00    9.28    0.00    0.00    0.00    0.00    0.00    0.00   65.98
08:19:52 AM    4   15.62    0.00   11.46    0.00    0.00    0.00    0.00    0.00    0.00   72.92
08:19:52 AM    5   19.39    0.00   12.24    0.00    0.00    0.00    0.00    0.00    0.00   68.37
08:19:52 AM    6   18.18    0.00   12.12    0.00    0.00    0.00    0.00    0.00    0.00   69.70
08:19:52 AM    7   16.49    0.00    9.28    0.00    0.00    0.00    0.00    0.00    0.00   74.23

08:19:52 AM  CPU    %usr   %nice    %sys %iowait    %irq   %soft  %steal  %guest  %gnice   %idle
08:19:53 AM  all   16.65    0.00   11.65    0.00    0.00    6.53    0.00    0.00    0.00   65.17
08:19:53 AM    0    7.92    0.00    6.93    0.00    0.00   50.50    0.00    0.00    0.00   34.65
08:19:53 AM    1   16.84    0.00   12.63    0.00    0.00    0.00    0.00    0.00    0.00   70.53
08:19:53 AM    2   22.45    0.00   13.27    0.00    0.00    0.00    0.00    0.00    0.00   64.29
08:19:53 AM    3   20.00    0.00   15.79    0.00    0.00    0.00    0.00    0.00    0.00   64.21
08:19:53 AM    4   18.75    0.00   12.50    0.00    0.00    0.00    0.00    0.00    0.00   68.75
08:19:53 AM    5   19.00    0.00   14.00    0.00    0.00    0.00    0.00    0.00    0.00   67.00
08:19:53 AM    6   14.14    0.00   10.10    0.00    0.00    0.00    0.00    0.00    0.00   75.76
08:19:53 AM    7   14.43    0.00    8.25    0.00    0.00    0.00    0.00    0.00    0.00   77.32

08:19:53 AM  CPU    %usr   %nice    %sys %iowait    %irq   %soft  %steal  %guest  %gnice   %idle
08:19:54 AM  all   18.75    0.00   12.63    0.00    0.00    6.63    0.00    0.00    0.00   61.99
08:19:54 AM    0    8.33    0.00    8.33    0.00    0.00   54.17    0.00    0.00    0.00   29.17
08:19:54 AM    1   27.00    0.00   19.00    0.00    0.00    0.00    0.00    0.00    0.00   54.00
08:19:54 AM    2   26.53    0.00   10.20    0.00    0.00    0.00    0.00    0.00    0.00   63.27
08:19:54 AM    3   21.88    0.00   14.58    0.00    0.00    0.00    0.00    0.00    0.00   63.54
08:19:54 AM    4   14.14    0.00   14.14    0.00    0.00    0.00    0.00    0.00    0.00   71.72
08:19:54 AM    5   14.58    0.00   12.50    0.00    0.00    0.00    0.00    0.00    0.00   72.92
08:19:54 AM    6   18.81    0.00   11.88    0.00    0.00    0.00    0.00    0.00    0.00   69.31
08:19:54 AM    7   18.37    0.00   10.20    0.00    0.00    0.00    0.00    0.00    0.00   71.43

08:19:54 AM  CPU    %usr   %nice    %sys %iowait    %irq   %soft  %steal  %guest  %gnice   %idle
08:19:55 AM  all   18.73    0.00   11.46    0.00    0.00    5.61    0.00    0.00    0.00   64.20
08:19:55 AM    0   14.43    0.00    5.15    0.00    0.00   45.36    0.00    0.00    0.00   35.05
08:19:55 AM    1   21.88    0.00   14.58    0.00    0.00    0.00    0.00    0.00    0.00   63.54
08:19:55 AM    2   22.11    0.00   10.53    0.00    0.00    0.00    0.00    0.00    0.00   67.37
08:19:55 AM    3   23.71    0.00    9.28    0.00    0.00    0.00    0.00    0.00    0.00   67.01
08:19:55 AM    4   17.00    0.00   16.00    0.00    0.00    0.00    0.00    0.00    0.00   67.00
08:19:55 AM    5   18.63    0.00   13.73    0.00    0.00    0.00    0.00    0.00    0.00   67.65
08:19:55 AM    6   17.35    0.00   13.27    0.00    0.00    0.00    0.00    0.00    0.00   69.39
08:19:55 AM    7   15.00    0.00    9.00    0.00    0.00    0.00    0.00    0.00    0.00   76.00

08:19:55 AM  CPU    %usr   %nice    %sys %iowait    %irq   %soft  %steal  %guest  %gnice   %idle
08:19:56 AM  all   19.03    0.00   12.52    0.00    0.00    7.15    0.00    0.00    0.00   61.30
08:19:56 AM    0   10.10    0.00    7.07    0.00    0.00   56.57    0.00    0.00    0.00   26.26
08:19:56 AM    1   23.71    0.00   20.62    0.00    0.00    0.00    0.00    0.00    0.00   55.67
08:19:56 AM    2   25.00    0.00   11.46    0.00    0.00    0.00    0.00    0.00    0.00   63.54
08:19:56 AM    3   26.73    0.00   14.85    0.00    0.00    0.00    0.00    0.00    0.00   58.42
08:19:56 AM    4   21.43    0.00   14.29    0.00    0.00    0.00    0.00    0.00    0.00   64.29
08:19:56 AM    5   16.84    0.00   11.58    0.00    0.00    0.00    0.00    0.00    0.00   71.58
08:19:56 AM    6   16.00    0.00   13.00    0.00    0.00    0.00    0.00    0.00    0.00   71.00
08:19:56 AM    7   12.37    0.00    7.22    0.00    0.00    0.00    0.00    0.00    0.00   80.41

08:19:56 AM  CPU    %usr   %nice    %sys %iowait    %irq   %soft  %steal  %guest  %gnice   %idle
08:19:57 AM  all   17.29    0.00   11.48    0.00    0.00    5.94    0.00    0.00    0.00   65.29
08:19:57 AM    0   10.53    0.00    4.21    0.00    0.00   48.42    0.00    0.00    0.00   36.84
08:19:57 AM    1   24.49    0.00   16.33    0.00    0.00    0.00    0.00    0.00    0.00   59.18
08:19:57 AM    2   17.71    0.00   13.54    0.00    0.00    0.00    0.00    0.00    0.00   68.75
08:19:57 AM    3   22.22    0.00   12.12    0.00    0.00    0.00    0.00    0.00    0.00   65.66
08:19:57 AM    4   15.31    0.00   13.27    0.00    0.00    0.00    0.00    0.00    0.00   71.43
08:19:57 AM    5   16.84    0.00    9.47    0.00    0.00    0.00    0.00    0.00    0.00   73.68
08:19:57 AM    6   14.58    0.00    8.33    0.00    0.00    0.00    0.00    0.00    0.00   77.08
08:19:57 AM    7   16.33    0.00   14.29    0.00    0.00    0.00    0.00    0.00    0.00   69.39

08:19:57 AM  CPU    %usr   %nice    %sys %iowait    %irq   %soft  %steal  %guest  %gnice   %idle
08:19:58 AM  all   19.59    0.00   12.72    0.00    0.00    6.36    0.00    0.00    0.00   61.32
08:19:58 AM    0   11.22    0.00    7.14    0.00    0.00   51.02    0.00    0.00    0.00   30.61
08:19:58 AM    1   27.27    0.00   14.14    0.00    0.00    0.00    0.00    0.00    0.00   58.59
08:19:58 AM    2   21.43    0.00   15.31    0.00    0.00    0.00    0.00    0.00    0.00   63.27
08:19:58 AM    3   20.41    0.00   13.27    0.00    0.00    0.00    0.00    0.00    0.00   66.33
08:19:58 AM    4   19.39    0.00   14.29    0.00    0.00    0.00    0.00    0.00    0.00   66.33
08:19:58 AM    5   19.61    0.00   13.73    0.00    0.00    0.00    0.00    0.00    0.00   66.67
08:19:58 AM    6   16.67    0.00   12.50    0.00    0.00    0.00    0.00    0.00    0.00   70.83
08:19:58 AM    7   20.62    0.00   11.34    0.00    0.00    0.00    0.00    0.00    0.00   68.04

08:19:58 AM  CPU    %usr   %nice    %sys %iowait    %irq   %soft  %steal  %guest  %gnice   %idle
08:19:59 AM  all   17.54    0.00   13.57    0.00    0.00    5.89    0.00    0.00    0.00   63.00
08:19:59 AM    0   10.31    0.00   10.31    0.00    0.00   47.42    0.00    0.00    0.00   31.96
08:19:59 AM    1   24.74    0.00   12.37    0.00    0.00    0.00    0.00    0.00    0.00   62.89
08:19:59 AM    2   18.18    0.00   19.19    0.00    0.00    0.00    0.00    0.00    0.00   62.63
08:19:59 AM    3   22.92    0.00   14.58    0.00    0.00    0.00    0.00    0.00    0.00   62.50
08:19:59 AM    4   15.31    0.00   14.29    0.00    0.00    0.00    0.00    0.00    0.00   70.41
08:19:59 AM    5   16.84    0.00   12.63    0.00    0.00    0.00    0.00    0.00    0.00   70.53
08:19:59 AM    6   18.18    0.00   11.11    0.00    0.00    0.00    0.00    0.00    0.00   70.71
08:19:59 AM    7   14.00    0.00   14.00    0.00    0.00    0.00    0.00    0.00    0.00   72.00

08:19:59 AM  CPU    %usr   %nice    %sys %iowait    %irq   %soft  %steal  %guest  %gnice   %idle
08:20:00 AM  all   17.83    0.00   11.50    0.00    0.00    6.20    0.00    0.00    0.00   64.47
08:20:00 AM    0   13.13    0.00    7.07    0.00    0.00   48.48    0.00    0.00    0.00   31.31
08:20:00 AM    1   23.16    0.00   15.79    0.00    0.00    0.00    0.00    0.00    0.00   61.05
08:20:00 AM    2   22.45    0.00   14.29    0.00    0.00    0.00    0.00    0.00    0.00   63.27
08:20:00 AM    3   23.96    0.00   12.50    0.00    0.00    0.00    0.00    0.00    0.00   63.54
08:20:00 AM    4   17.71    0.00   12.50    0.00    0.00    0.00    0.00    0.00    0.00   69.79
08:20:00 AM    5   15.46    0.00   15.46    0.00    0.00    0.00    0.00    0.00    0.00   69.07
08:20:00 AM    6   15.46    0.00    4.12    0.00    0.00    0.00    0.00    0.00    0.00   80.41
08:20:00 AM    7   11.46    0.00   10.42    0.00    0.00    0.00    0.00    0.00    0.00   78.12

08:20:00 AM  CPU    %usr   %nice    %sys %iowait    %irq   %soft  %steal  %guest  %gnice   %idle
08:20:01 AM  all   19.49    0.00   13.42    0.00    0.00    6.20    0.00    0.00    0.00   60.89
08:20:01 AM    0   13.40    0.00    6.19    0.00    0.00   50.52    0.00    0.00    0.00   29.90
08:20:01 AM    1   26.80    0.00   16.49    0.00    0.00    0.00    0.00    0.00    0.00   56.70
08:20:01 AM    2   22.22    0.00   16.16    0.00    0.00    0.00    0.00    0.00    0.00   61.62
08:20:01 AM    3   20.00    0.00   25.00    0.00    0.00    0.00    0.00    0.00    0.00   55.00
08:20:01 AM    4   20.41    0.00   13.27    0.00    0.00    0.00    0.00    0.00    0.00   66.33
08:20:01 AM    5   19.19    0.00    8.08    0.00    0.00    0.00    0.00    0.00    0.00   72.73
08:20:01 AM    6   17.65    0.00   11.76    0.00    0.00    0.00    0.00    0.00    0.00   70.59
08:20:01 AM    7   16.33    0.00   10.20    0.00    0.00    0.00    0.00    0.00    0.00   73.47

08:20:01 AM  CPU    %usr   %nice    %sys %iowait    %irq   %soft  %steal  %guest  %gnice   %idle
08:20:02 AM  all   17.88    0.00   11.53    0.00    0.00    6.87    0.00    0.00    0.00   63.73
08:20:02 AM    0    9.18    0.00    7.14    0.00    0.00   54.08    0.00    0.00    0.00   29.59
08:20:02 AM    1   23.47    0.00   14.29    0.00    0.00    0.00    0.00    0.00    0.00   62.24
08:20:02 AM    2   25.51    0.00   13.27    0.00    0.00    0.00    0.00    0.00    0.00   61.22
08:20:02 AM    3   19.79    0.00   14.58    0.00    0.00    0.00    0.00    0.00    0.00   65.62
08:20:02 AM    4   14.89    0.00   11.70    0.00    0.00    0.00    0.00    0.00    0.00   73.40
08:20:02 AM    5   18.37    0.00   11.22    0.00    0.00    0.00    0.00    0.00    0.00   70.41
08:20:02 AM    6   16.84    0.00    8.42    0.00    0.00    0.00    0.00    0.00    0.00   74.74
08:20:02 AM    7   14.74    0.00   11.58    0.00    0.00    0.00    0.00    0.00    0.00   73.68

08:20:02 AM  CPU    %usr   %nice    %sys %iowait    %irq   %soft  %steal  %guest  %gnice   %idle
08:20:03 AM  all   17.14    0.00   10.95    0.00    0.00    6.06    0.00    0.00    0.00   65.85
08:20:03 AM    0   10.31    0.00   10.31    0.00    0.00   48.45    0.00    0.00    0.00   30.93
08:20:03 AM    1   24.49    0.00   14.29    0.00    0.00    0.00    0.00    0.00    0.00   61.22
08:20:03 AM    2   19.79    0.00    8.33    0.00    0.00    0.00    0.00    0.00    0.00   71.88
08:20:03 AM    3   21.65    0.00   16.49    0.00    0.00    0.00    0.00    0.00    0.00   61.86
08:20:03 AM    4   17.35    0.00   11.22    0.00    0.00    0.00    0.00    0.00    0.00   71.43
08:20:03 AM    5   16.49    0.00   11.34    0.00    0.00    0.00    0.00    0.00    0.00   72.16
08:20:03 AM    6   15.62    0.00    7.29    0.00    0.00    0.00    0.00    0.00    0.00   77.08
08:20:03 AM    7   11.34    0.00    8.25    0.00    0.00    0.00    0.00    0.00    0.00   80.41

08:20:03 AM  CPU    %usr   %nice    %sys %iowait    %irq   %soft  %steal  %guest  %gnice   %idle
08:20:04 AM  all   17.83    0.00   10.72    0.00    0.00    6.33    0.00    0.00    0.00   65.12
08:20:04 AM    0    7.29    0.00    7.29    0.00    0.00   51.04    0.00    0.00    0.00   34.38
08:20:04 AM    1   18.56    0.00   20.62    0.00    0.00    0.00    0.00    0.00    0.00   60.82
08:20:04 AM    2   24.21    0.00    8.42    0.00    0.00    0.00    0.00    0.00    0.00   67.37
08:20:04 AM    3   23.71    0.00   10.31    0.00    0.00    0.00    0.00    0.00    0.00   65.98
08:20:04 AM    4   17.35    0.00   12.24    0.00    0.00    0.00    0.00    0.00    0.00   70.41
08:20:04 AM    5   15.62    0.00    7.29    0.00    0.00    0.00    0.00    0.00    0.00   77.08
08:20:04 AM    6   19.39    0.00    7.14    0.00    0.00    0.00    0.00    0.00    0.00   73.47
08:20:04 AM    7   16.49    0.00   12.37    0.00    0.00    0.00    0.00    0.00    0.00   71.13

08:20:04 AM  CPU    %usr   %nice    %sys %iowait    %irq   %soft  %steal  %guest  %gnice   %idle
08:20:05 AM  all   20.69    0.00   11.62    0.00    0.00    6.51    0.00    0.00    0.00   61.17
08:20:05 AM    0   12.50    0.00    6.25    0.00    0.00   53.12    0.00    0.00    0.00   28.12
08:20:05 AM    1   26.04    0.00   13.54    0.00    0.00    0.00    0.00    0.00    0.00   60.42
08:20:05 AM    2   34.00    0.00   10.00    0.00    0.00    0.00    0.00    0.00    0.00   56.00
08:20:05 AM    3   22.45    0.00    9.18    0.00    0.00    0.00    0.00    0.00    0.00   68.37
08:20:05 AM    4   19.39    0.00   16.33    0.00    0.00    0.00    0.00    0.00    0.00   64.29
08:20:05 AM    5   18.18    0.00   14.14    0.00    0.00    0.00    0.00    0.00    0.00   67.68
08:20:05 AM    6   12.77    0.00    9.57    0.00    0.00    0.00    0.00    0.00    0.00   77.66
08:20:05 AM    7   19.61    0.00   13.73    0.00    0.00    0.00    0.00    0.00    0.00   66.67

08:20:05 AM  CPU    %usr   %nice    %sys %iowait    %irq   %soft  %steal  %guest  %gnice   %idle
08:20:06 AM  all   18.59    0.00   12.69    0.00    0.00    6.67    0.00    0.00    0.00   62.05
08:20:06 AM    0   10.20    0.00    6.12    0.00    0.00   53.06    0.00    0.00    0.00   30.61
08:20:06 AM    1   18.56    0.00   16.49    0.00    0.00    0.00    0.00    0.00    0.00   64.95
08:20:06 AM    2   21.43    0.00   14.29    0.00    0.00    0.00    0.00    0.00    0.00   64.29
08:20:06 AM    3   26.53    0.00   12.24    0.00    0.00    0.00    0.00    0.00    0.00   61.22
08:20:06 AM    4   19.59    0.00   11.34    0.00    0.00    0.00    0.00    0.00    0.00   69.07
08:20:06 AM    5   18.37    0.00   14.29    0.00    0.00    0.00    0.00    0.00    0.00   67.35
08:20:06 AM    6   20.41    0.00   13.27    0.00    0.00    0.00    0.00    0.00    0.00   66.33
08:20:06 AM    7   13.54    0.00   13.54    0.00    0.00    0.00    0.00    0.00    0.00   72.92

08:20:06 AM  CPU    %usr   %nice    %sys %iowait    %irq   %soft  %steal  %guest  %gnice   %idle
08:20:07 AM  all   18.61    0.00   12.45    0.00    0.00    7.32    0.00    0.00    0.00   61.62
08:20:07 AM    0   11.34    0.00    8.25    0.00    0.00   58.76    0.00    0.00    0.00   21.65
08:20:07 AM    1   27.55    0.00   11.22    0.00    0.00    0.00    0.00    0.00    0.00   61.22
08:20:07 AM    2   20.83    0.00   12.50    0.00    0.00    0.00    0.00    0.00    0.00   66.67
08:20:07 AM    3   24.49    0.00   16.33    0.00    0.00    0.00    0.00    0.00    0.00   59.18
08:20:07 AM    4   16.49    0.00   12.37    0.00    0.00    0.00    0.00    0.00    0.00   71.13
08:20:07 AM    5   19.00    0.00   13.00    0.00    0.00    0.00    0.00    0.00    0.00   68.00
08:20:07 AM    6   16.33    0.00   12.24    0.00    0.00    0.00    0.00    0.00    0.00   71.43
08:20:07 AM    7   12.63    0.00   13.68    0.00    0.00    0.00    0.00    0.00    0.00   73.68

08:20:07 AM  CPU    %usr   %nice    %sys %iowait    %irq   %soft  %steal  %guest  %gnice   %idle
08:20:08 AM  all   18.88    0.00   12.50    0.00    0.00    5.99    0.00    0.00    0.00   62.63
08:20:08 AM    0   13.40    0.00    7.22    0.00    0.00   48.45    0.00    0.00    0.00   30.93
08:20:08 AM    1   21.65    0.00   15.46    0.00    0.00    0.00    0.00    0.00    0.00   62.89
08:20:08 AM    2   21.88    0.00   15.62    0.00    0.00    0.00    0.00    0.00    0.00   62.50
08:20:08 AM    3   24.24    0.00   19.19    0.00    0.00    0.00    0.00    0.00    0.00   56.57
08:20:08 AM    4   18.37    0.00   14.29    0.00    0.00    0.00    0.00    0.00    0.00   67.35
08:20:08 AM    5   16.67    0.00    8.33    0.00    0.00    0.00    0.00    0.00    0.00   75.00
08:20:08 AM    6   20.59    0.00    9.80    0.00    0.00    0.00    0.00    0.00    0.00   69.61
08:20:08 AM    7   14.14    0.00   10.10    0.00    0.00    0.00    0.00    0.00    0.00   75.76

08:20:08 AM  CPU    %usr   %nice    %sys %iowait    %irq   %soft  %steal  %guest  %gnice   %idle
08:20:09 AM  all   17.69    0.00   12.69    0.00    0.00    6.79    0.00    0.00    0.00   62.82
08:20:09 AM    0    9.09    0.00    7.07    0.00    0.00   53.54    0.00    0.00    0.00   30.30
08:20:09 AM    1   21.43    0.00   13.27    0.00    0.00    0.00    0.00    0.00    0.00   65.31
08:20:09 AM    2   23.47    0.00   13.27    0.00    0.00    0.00    0.00    0.00    0.00   63.27
08:20:09 AM    3   18.95    0.00   11.58    0.00    0.00    0.00    0.00    0.00    0.00   69.47
08:20:09 AM    4   16.49    0.00   15.46    0.00    0.00    0.00    0.00    0.00    0.00   68.04
08:20:09 AM    5   17.00    0.00   15.00    0.00    0.00    0.00    0.00    0.00    0.00   68.00
08:20:09 AM    6   16.49    0.00   14.43    0.00    0.00    0.00    0.00    0.00    0.00   69.07
08:20:09 AM    7   18.75    0.00   11.46    0.00    0.00    0.00    0.00    0.00    0.00   69.79

08:20:09 AM  CPU    %usr   %nice    %sys %iowait    %irq   %soft  %steal  %guest  %gnice   %idle
08:20:10 AM  all   18.03    0.00   13.55    0.00    0.00    6.39    0.00    0.00    0.00   62.02
08:20:10 AM    0    8.33    0.00    4.17    0.00    0.00   52.08    0.00    0.00    0.00   35.42
08:20:10 AM    1   21.43    0.00   17.35    0.00    0.00    0.00    0.00    0.00    0.00   61.22
08:20:10 AM    2   25.00    0.00   10.42    0.00    0.00    0.00    0.00    0.00    0.00   64.58
08:20:10 AM    3   24.24    0.00   15.15    0.00    0.00    0.00    0.00    0.00    0.00   60.61
08:20:10 AM    4   17.35    0.00   16.33    0.00    0.00    0.00    0.00    0.00    0.00   66.33
08:20:10 AM    5   13.40    0.00   19.59    0.00    0.00    0.00    0.00    0.00    0.00   67.01
08:20:10 AM    6   21.21    0.00   11.11    0.00    0.00    0.00    0.00    0.00    0.00   67.68
08:20:10 AM    7   13.13    0.00   14.14    0.00    0.00    0.00    0.00    0.00    0.00   72.73

08:20:10 AM  CPU    %usr   %nice    %sys %iowait    %irq   %soft  %steal  %guest  %gnice   %idle
08:20:11 AM  all   19.62    0.00   12.69    0.00    0.00    6.41    0.00    0.00    0.00   61.28
08:20:11 AM    0   18.18    0.00    5.05    0.00    0.00   50.51    0.00    0.00    0.00   26.26
08:20:11 AM    1   20.62    0.00   16.49    0.00    0.00    0.00    0.00    0.00    0.00   62.89
08:20:11 AM    2   22.22    0.00   20.20    0.00    0.00    0.00    0.00    0.00    0.00   57.58
08:20:11 AM    3   21.65    0.00   10.31    0.00    0.00    0.00    0.00    0.00    0.00   68.04
08:20:11 AM    4   20.62    0.00   15.46    0.00    0.00    0.00    0.00    0.00    0.00   63.92
08:20:11 AM    5   20.83    0.00   10.42    0.00    0.00    0.00    0.00    0.00    0.00   68.75
08:20:11 AM    6   17.53    0.00   12.37    0.00    0.00    0.00    0.00    0.00    0.00   70.10
08:20:11 AM    7   15.31    0.00   11.22    0.00    0.00    0.00    0.00    0.00    0.00   73.47

08:20:11 AM  CPU    %usr   %nice    %sys %iowait    %irq   %soft  %steal  %guest  %gnice   %idle
08:20:12 AM  all   19.46    0.00   12.04    0.00    0.00    6.02    0.00    0.00    0.00   62.48
08:20:12 AM    0   14.74    0.00    7.37    0.00    0.00   49.47    0.00    0.00    0.00   28.42
08:20:12 AM    1   23.71    0.00    8.25    0.00    0.00    0.00    0.00    0.00    0.00   68.04
08:20:12 AM    2   24.00    0.00   14.00    0.00    0.00    0.00    0.00    0.00    0.00   62.00
08:20:12 AM    3   26.26    0.00   12.12    0.00    0.00    0.00    0.00    0.00    0.00   61.62
08:20:12 AM    4   16.33    0.00   17.35    0.00    0.00    0.00    0.00    0.00    0.00   66.33
08:20:12 AM    5   20.00    0.00   14.00    0.00    0.00    0.00    0.00    0.00    0.00   66.00
08:20:12 AM    6   15.46    0.00   13.40    0.00    0.00    0.00    0.00    0.00    0.00   71.13
08:20:12 AM    7   14.74    0.00    9.47    0.00    0.00    0.00    0.00    0.00    0.00   75.79

08:20:12 AM  CPU    %usr   %nice    %sys %iowait    %irq   %soft  %steal  %guest  %gnice   %idle
08:20:13 AM  all   17.82    0.00   12.05    0.00    0.00    6.54    0.00    0.00    0.00   63.59
08:20:13 AM    0    9.18    0.00    9.18    0.00    0.00   52.04    0.00    0.00    0.00   29.59
08:20:13 AM    1   27.08    0.00   11.46    0.00    0.00    0.00    0.00    0.00    0.00   61.46
08:20:13 AM    2   22.68    0.00   13.40    0.00    0.00    0.00    0.00    0.00    0.00   63.92
08:20:13 AM    3   19.39    0.00   10.20    0.00    0.00    0.00    0.00    0.00    0.00   70.41
08:20:13 AM    4   18.56    0.00   14.43    0.00    0.00    0.00    0.00    0.00    0.00   67.01
08:20:13 AM    5   12.63    0.00    9.47    0.00    0.00    0.00    0.00    0.00    0.00   77.89
08:20:13 AM    6   16.16    0.00   15.15    0.00    0.00    0.00    0.00    0.00    0.00   68.69
08:20:13 AM    7   17.00    0.00   13.00    0.00    0.00    0.00    0.00    0.00    0.00   70.00

08:20:13 AM  CPU    %usr   %nice    %sys %iowait    %irq   %soft  %steal  %guest  %gnice   %idle
08:20:14 AM  all   17.60    0.00   12.26    0.00    0.00    6.26    0.00    0.00    0.00   63.89
08:20:14 AM    0   10.87    0.00    8.70    0.00    0.00   52.17    0.00    0.00    0.00   28.26
08:20:14 AM    1   20.00    0.00   17.89    0.00    0.00    0.00    0.00    0.00    0.00   62.11
08:20:14 AM    2   22.92    0.00   13.54    0.00    0.00    0.00    0.00    0.00    0.00   63.54
08:20:14 AM    3   22.92    0.00   12.50    0.00    0.00    0.00    0.00    0.00    0.00   64.58
08:20:14 AM    4   17.53    0.00   10.31    0.00    0.00    0.00    0.00    0.00    0.00   72.16
08:20:14 AM    5   14.29    0.00   12.24    0.00    0.00    0.00    0.00    0.00    0.00   73.47
08:20:14 AM    6   15.62    0.00    9.38    0.00    0.00    0.00    0.00    0.00    0.00   75.00
08:20:14 AM    7   16.49    0.00   13.40    0.00    0.00    0.00    0.00    0.00    0.00   70.10

08:20:14 AM  CPU    %usr   %nice    %sys %iowait    %irq   %soft  %steal  %guest  %gnice   %idle
08:20:15 AM  all   17.27    0.00   11.21    0.00    0.00    5.67    0.00    0.00    0.00   65.85
08:20:15 AM    0   14.29    0.00    9.18    0.00    0.00   44.90    0.00    0.00    0.00   31.63
08:20:15 AM    1   21.05    0.00   12.63    0.00    0.00    0.00    0.00    0.00    0.00   66.32
08:20:15 AM    2   20.00    0.00   10.53    0.00    0.00    0.00    0.00    0.00    0.00   69.47
08:20:15 AM    3   22.92    0.00   14.58    0.00    0.00    0.00    0.00    0.00    0.00   62.50
08:20:15 AM    4   16.16    0.00   11.11    0.00    0.00    0.00    0.00    0.00    0.00   72.73
08:20:15 AM    5   14.43    0.00    9.28    0.00    0.00    0.00    0.00    0.00    0.00   76.29
08:20:15 AM    6   15.15    0.00   14.14    0.00    0.00    0.00    0.00    0.00    0.00   70.71
08:20:15 AM    7   14.43    0.00    8.25    0.00    0.00    0.00    0.00    0.00    0.00   77.32

08:20:15 AM  CPU    %usr   %nice    %sys %iowait    %irq   %soft  %steal  %guest  %gnice   %idle
08:20:16 AM  all   18.56    0.00   12.50    0.00    0.00    7.35    0.00    0.00    0.00   61.60
08:20:16 AM    0   10.89    0.00    3.96    0.00    0.00   56.44    0.00    0.00    0.00   28.71
08:20:16 AM    1   24.74    0.00   19.59    0.00    0.00    0.00    0.00    0.00    0.00   55.67
08:20:16 AM    2   22.68    0.00   13.40    0.00    0.00    0.00    0.00    0.00    0.00   63.92
08:20:16 AM    3   19.79    0.00   19.79    0.00    0.00    0.00    0.00    0.00    0.00   60.42
08:20:16 AM    4   15.96    0.00   12.77    0.00    0.00    0.00    0.00    0.00    0.00   71.28
08:20:16 AM    5   16.67    0.00    9.38    0.00    0.00    0.00    0.00    0.00    0.00   73.96
08:20:16 AM    6   18.56    0.00   10.31    0.00    0.00    0.00    0.00    0.00    0.00   71.13
08:20:16 AM    7   19.39    0.00   11.22    0.00    0.00    0.00    0.00    0.00    0.00   69.39

08:20:16 AM  CPU    %usr   %nice    %sys %iowait    %irq   %soft  %steal  %guest  %gnice   %idle
08:20:17 AM  all   16.58    0.00   10.31    0.00    0.00    5.87    0.00    0.00    0.00   67.23
08:20:17 AM    0    9.57    0.00    4.26    0.00    0.00   47.87    0.00    0.00    0.00   38.30
08:20:17 AM    1   20.00    0.00   12.63    0.00    0.00    0.00    0.00    0.00    0.00   67.37
08:20:17 AM    2   19.35    0.00    9.68    0.00    0.00    0.00    0.00    0.00    0.00   70.97
08:20:17 AM    3   22.22    0.00   14.14    0.00    0.00    0.00    0.00    0.00    0.00   63.64
08:20:17 AM    4   16.00    0.00   16.00    0.00    0.00    0.00    0.00    0.00    0.00   68.00
08:20:17 AM    5   16.67    0.00    7.29    0.00    0.00    0.00    0.00    0.00    0.00   76.04
08:20:17 AM    6   12.77    0.00    9.57    0.00    0.00    0.00    0.00    0.00    0.00   77.66
08:20:17 AM    7   15.79    0.00    8.42    0.00    0.00    0.00    0.00    0.00    0.00   75.79

Average:     CPU    %usr   %nice    %sys %iowait    %irq   %soft  %steal  %guest  %gnice   %idle
Average:     all   18.19    0.00   12.06    0.00    0.00    6.36    0.00    0.00    0.00   63.39
Average:       0   11.13    0.00    7.46    0.00    0.00   50.86    0.00    0.00    0.00   30.55
Average:       1   22.69    0.00   14.73    0.00    0.00    0.00    0.00    0.00    0.00   62.58
Average:       2   22.39    0.00   13.57    0.00    0.00    0.00    0.00    0.00    0.00   64.04
Average:       3   22.97    0.00   13.96    0.00    0.00    0.00    0.00    0.00    0.00   63.07
Average:       4   17.24    0.00   13.36    0.00    0.00    0.00    0.00    0.00    0.00   69.41
Average:       5   17.31    0.00   11.75    0.00    0.00    0.00    0.00    0.00    0.00   70.94
Average:       6   16.50    0.00   11.21    0.00    0.00    0.00    0.00    0.00    0.00   72.29
Average:       7   15.35    0.00   10.47    0.00    0.00    0.00    0.00    0.00    0.00   74.18
