Linux 6.1.141 (king) 	08/20/2026 	_aarch64_	(8 CPU)

08:17:13 AM  CPU    %usr   %nice    %sys %iowait    %irq   %soft  %steal  %guest  %gnice   %idle
08:17:14 AM  all   16.47    0.00   10.55    0.00    0.00    5.53    0.00    0.00    0.00   67.44
08:17:14 AM    0   19.39    0.00   11.22    0.00    0.00   35.71    0.00    0.00    0.00   33.67
08:17:14 AM    1   22.22    0.00    9.09    0.00    0.00    0.00    0.00    0.00    0.00   68.69
08:17:14 AM    2   16.49    0.00   12.37    0.00    0.00    0.00    0.00    0.00    0.00   71.13
08:17:14 AM    3   14.29    0.00    9.18    0.00    0.00    0.00    0.00    0.00    0.00   76.53
08:17:14 AM    4   16.84    0.00    9.47    0.00    0.00    0.00    0.00    0.00    0.00   73.68
08:17:14 AM    5   14.43    0.00   13.40    0.00    0.00    0.00    0.00    0.00    0.00   72.16
08:17:14 AM    6   13.40    0.00   10.31    0.00    0.00    8.25    0.00    0.00    0.00   68.04
08:17:14 AM    7   14.58    0.00    9.38    0.00    0.00    0.00    0.00    0.00    0.00   76.04

08:17:14 AM  CPU    %usr   %nice    %sys %iowait    %irq   %soft  %steal  %guest  %gnice   %idle
08:17:15 AM  all   15.69    0.00    9.95    0.00    0.00    5.74    0.00    0.00    0.00   68.62
08:17:15 AM    0   15.46    0.00    9.28    0.00    0.00   38.14    0.00    0.00    0.00   37.11
08:17:15 AM    1   18.37    0.00   10.20    0.00    0.00    0.00    0.00    0.00    0.00   71.43
08:17:15 AM    2   18.56    0.00    6.19    0.00    0.00    0.00    0.00    0.00    0.00   75.26
08:17:15 AM    3   22.45    0.00   10.20    0.00    0.00    0.00    0.00    0.00    0.00   67.35
08:17:15 AM    4   14.58    0.00   10.42    0.00    0.00    0.00    0.00    0.00    0.00   75.00
08:17:15 AM    5   12.00    0.00   15.00    0.00    0.00    0.00    0.00    0.00    0.00   73.00
08:17:15 AM    6   12.24    0.00    9.18    0.00    0.00    8.16    0.00    0.00    0.00   70.41
08:17:15 AM    7   12.00    0.00    9.00    0.00    0.00    0.00    0.00    0.00    0.00   79.00

08:17:15 AM  CPU    %usr   %nice    %sys %iowait    %irq   %soft  %steal  %guest  %gnice   %idle
08:17:16 AM  all   18.12    0.00   11.31    0.00    0.00    6.30    0.00    0.00    0.00   64.27
08:17:16 AM    0   18.56    0.00    4.12    0.00    0.00   41.24    0.00    0.00    0.00   36.08
08:17:16 AM    1   23.96    0.00   13.54    0.00    0.00    0.00    0.00    0.00    0.00   62.50
08:17:16 AM    2   18.95    0.00   12.63    0.00    0.00    0.00    0.00    0.00    0.00   68.42
08:17:16 AM    3   25.74    0.00   20.79    0.00    0.00    0.00    0.00    0.00    0.00   53.47
08:17:16 AM    4   15.62    0.00    9.38    0.00    0.00    0.00    0.00    0.00    0.00   75.00
08:17:16 AM    5   14.29    0.00    8.16    0.00    0.00    0.00    0.00    0.00    0.00   77.55
08:17:16 AM    6   14.29    0.00   12.24    0.00    0.00    9.18    0.00    0.00    0.00   64.29
08:17:16 AM    7   13.40    0.00    9.28    0.00    0.00    0.00    0.00    0.00    0.00   77.32

08:17:16 AM  CPU    %usr   %nice    %sys %iowait    %irq   %soft  %steal  %guest  %gnice   %idle
08:17:17 AM  all   18.15    0.00   11.45    0.00    0.00    6.82    0.00    0.00    0.00   63.58
08:17:17 AM    0   17.17    0.00   11.11    0.00    0.00   44.44    0.00    0.00    0.00   27.27
08:17:17 AM    1   21.88    0.00    7.29    0.00    0.00    0.00    0.00    0.00    0.00   70.83
08:17:17 AM    2   18.81    0.00   12.87    0.00    0.00    0.00    0.00    0.00    0.00   68.32
08:17:17 AM    3   24.49    0.00   16.33    0.00    0.00    1.02    0.00    0.00    0.00   58.16
08:17:17 AM    4   14.29    0.00   12.24    0.00    0.00    0.00    0.00    0.00    0.00   73.47
08:17:17 AM    5   15.62    0.00   10.42    0.00    0.00    0.00    0.00    0.00    0.00   73.96
08:17:17 AM    6   17.02    0.00    8.51    0.00    0.00    8.51    0.00    0.00    0.00   65.96
08:17:17 AM    7   15.79    0.00   12.63    0.00    0.00    0.00    0.00    0.00    0.00   71.58

08:17:17 AM  CPU    %usr   %nice    %sys %iowait    %irq   %soft  %steal  %guest  %gnice   %idle
08:17:18 AM  all   20.46    0.00   12.61    0.00    0.00    6.69    0.00    0.00    0.00   60.23
08:17:18 AM    0   14.74    0.00   10.53    0.00    0.00   44.21    0.00    0.00    0.00   30.53
08:17:18 AM    1   28.57    0.00   16.33    0.00    0.00    0.00    0.00    0.00    0.00   55.10
08:17:18 AM    2   26.00    0.00   12.00    0.00    0.00    0.00    0.00    0.00    0.00   62.00
08:17:18 AM    3   26.32    0.00   11.58    0.00    0.00    0.00    0.00    0.00    0.00   62.11
08:17:18 AM    4   15.46    0.00   14.43    0.00    0.00    0.00    0.00    0.00    0.00   70.10
08:17:18 AM    5   18.37    0.00   14.29    0.00    0.00    0.00    0.00    0.00    0.00   67.35
08:17:18 AM    6   15.46    0.00   11.34    0.00    0.00   10.31    0.00    0.00    0.00   62.89
08:17:18 AM    7   18.56    0.00   10.31    0.00    0.00    0.00    0.00    0.00    0.00   71.13

08:17:18 AM  CPU    %usr   %nice    %sys %iowait    %irq   %soft  %steal  %guest  %gnice   %idle
08:17:19 AM  all   18.43    0.00   11.47    0.00    0.00    6.70    0.00    0.00    0.00   63.40
08:17:19 AM    0   13.54    0.00    9.38    0.00    0.00   44.79    0.00    0.00    0.00   32.29
08:17:19 AM    1   21.43    0.00   10.20    0.00    0.00    0.00    0.00    0.00    0.00   68.37
08:17:19 AM    2   21.65    0.00    8.25    0.00    0.00    0.00    0.00    0.00    0.00   70.10
08:17:19 AM    3   19.19    0.00   16.16    0.00    0.00    0.00    0.00    0.00    0.00   64.65
08:17:19 AM    4   22.92    0.00    8.33    0.00    0.00    0.00    0.00    0.00    0.00   68.75
08:17:19 AM    5   17.35    0.00   13.27    0.00    0.00    0.00    0.00    0.00    0.00   69.39
08:17:19 AM    6   15.46    0.00   13.40    0.00    0.00    9.28    0.00    0.00    0.00   61.86
08:17:19 AM    7   15.79    0.00   12.63    0.00    0.00    0.00    0.00    0.00    0.00   71.58

08:17:19 AM  CPU    %usr   %nice    %sys %iowait    %irq   %soft  %steal  %guest  %gnice   %idle
08:17:20 AM  all   19.16    0.00   13.15    0.00    0.00    6.51    0.00    0.00    0.00   61.17
08:17:20 AM    0   18.18    0.00   14.14    0.00    0.00   42.42    0.00    0.00    0.00   25.25
08:17:20 AM    1   25.77    0.00   12.37    0.00    0.00    0.00    0.00    0.00    0.00   61.86
08:17:20 AM    2   22.45    0.00   12.24    0.00    0.00    0.00    0.00    0.00    0.00   65.31
08:17:20 AM    3   23.47    0.00    9.18    0.00    0.00    0.00    0.00    0.00    0.00   67.35
08:17:20 AM    4   14.14    0.00   18.18    0.00    0.00    0.00    0.00    0.00    0.00   67.68
08:17:20 AM    5   16.49    0.00   13.40    0.00    0.00    0.00    0.00    0.00    0.00   70.10
08:17:20 AM    6   17.17    0.00   13.13    0.00    0.00    9.09    0.00    0.00    0.00   60.61
08:17:20 AM    7   15.62    0.00   12.50    0.00    0.00    0.00    0.00    0.00    0.00   71.88

08:17:20 AM  CPU    %usr   %nice    %sys %iowait    %irq   %soft  %steal  %guest  %gnice   %idle
08:17:21 AM  all   19.20    0.00   12.37    0.00    0.00    6.57    0.00    0.00    0.00   61.86
08:17:21 AM    0   18.37    0.00    6.12    0.00    0.00   43.88    0.00    0.00    0.00   31.63
08:17:21 AM    1   25.26    0.00   15.79    0.00    0.00    0.00    0.00    0.00    0.00   58.95
08:17:21 AM    2   25.26    0.00   10.53    0.00    0.00    0.00    0.00    0.00    0.00   64.21
08:17:21 AM    3   20.41    0.00   15.31    0.00    0.00    0.00    0.00    0.00    0.00   64.29
08:17:21 AM    4   13.68    0.00   10.53    0.00    0.00    0.00    0.00    0.00    0.00   75.79
08:17:21 AM    5   19.59    0.00    9.28    0.00    0.00    0.00    0.00    0.00    0.00   71.13
08:17:21 AM    6   17.00    0.00   14.00    0.00    0.00    8.00    0.00    0.00    0.00   61.00
08:17:21 AM    7   14.29    0.00   17.35    0.00    0.00    0.00    0.00    0.00    0.00   68.37

08:17:21 AM  CPU    %usr   %nice    %sys %iowait    %irq   %soft  %steal  %guest  %gnice   %idle
08:17:22 AM  all   18.12    0.00   10.95    0.00    0.00    5.48    0.00    0.00    0.00   65.45
08:17:22 AM    0   17.39    0.00   10.87    0.00    0.00   36.96    0.00    0.00    0.00   34.78
08:17:22 AM    1   20.83    0.00   13.54    0.00    0.00    1.04    0.00    0.00    0.00   64.58
08:17:22 AM    2   21.43    0.00   11.22    0.00    0.00    0.00    0.00    0.00    0.00   67.35
08:17:22 AM    3   20.62    0.00    9.28    0.00    0.00    0.00    0.00    0.00    0.00   70.10
08:17:22 AM    4   15.62    0.00   11.46    0.00    0.00    0.00    0.00    0.00    0.00   72.92
08:17:22 AM    5   14.89    0.00   11.70    0.00    0.00    0.00    0.00    0.00    0.00   73.40
08:17:22 AM    6   18.75    0.00    8.33    0.00    0.00    7.29    0.00    0.00    0.00   65.62
08:17:22 AM    7   15.31    0.00   11.22    0.00    0.00    0.00    0.00    0.00    0.00   73.47

08:17:22 AM  CPU    %usr   %nice    %sys %iowait    %irq   %soft  %steal  %guest  %gnice   %idle
08:17:23 AM  all   20.31    0.00   11.51    0.00    0.00    6.86    0.00    0.00    0.00   61.32
08:17:23 AM    0   13.40    0.00    9.28    0.00    0.00   44.33    0.00    0.00    0.00   32.99
08:17:23 AM    1   28.42    0.00   10.53    0.00    0.00    0.00    0.00    0.00    0.00   61.05
08:17:23 AM    2   23.47    0.00   14.29    0.00    0.00    0.00    0.00    0.00    0.00   62.24
08:17:23 AM    3   24.74    0.00   12.37    0.00    0.00    0.00    0.00    0.00    0.00   62.89
08:17:23 AM    4   18.75    0.00   14.58    0.00    0.00    0.00    0.00    0.00    0.00   66.67
08:17:23 AM    5   15.79    0.00   11.58    0.00    0.00    0.00    0.00    0.00    0.00   72.63
08:17:23 AM    6   19.19    0.00    9.09    0.00    0.00   10.10    0.00    0.00    0.00   61.62
08:17:23 AM    7   18.75    0.00   10.42    0.00    0.00    0.00    0.00    0.00    0.00   70.83

08:17:23 AM  CPU    %usr   %nice    %sys %iowait    %irq   %soft  %steal  %guest  %gnice   %idle
08:17:24 AM  all   18.38    0.00   12.08    0.00    0.00    6.43    0.00    0.00    0.00   63.11
08:17:24 AM    0   15.62    0.00    5.21    0.00    0.00   43.75    0.00    0.00    0.00   35.42
08:17:24 AM    1   19.79    0.00    7.29    0.00    0.00    0.00    0.00    0.00    0.00   72.92
08:17:24 AM    2   26.04    0.00   14.58    0.00    0.00    0.00    0.00    0.00    0.00   59.38
08:17:24 AM    3   21.78    0.00   17.82    0.00    0.00    0.00    0.00    0.00    0.00   60.40
08:17:24 AM    4   17.17    0.00   15.15    0.00    0.00    0.00    0.00    0.00    0.00   67.68
08:17:24 AM    5   15.15    0.00   13.13    0.00    0.00    0.00    0.00    0.00    0.00   71.72
08:17:24 AM    6   15.62    0.00   10.42    0.00    0.00    8.33    0.00    0.00    0.00   65.62
08:17:24 AM    7   15.79    0.00   12.63    0.00    0.00    0.00    0.00    0.00    0.00   71.58

08:17:24 AM  CPU    %usr   %nice    %sys %iowait    %irq   %soft  %steal  %guest  %gnice   %idle
08:17:25 AM  all   20.75    0.00   11.73    0.00    0.00    7.09    0.00    0.00    0.00   60.44
08:17:25 AM    0   18.81    0.00    5.94    0.00    0.00   45.54    0.00    0.00    0.00   29.70
08:17:25 AM    1   21.21    0.00   11.11    0.00    0.00    0.00    0.00    0.00    0.00   67.68
08:17:25 AM    2   27.55    0.00   13.27    0.00    0.00    0.00    0.00    0.00    0.00   59.18
08:17:25 AM    3   24.21    0.00   12.63    0.00    0.00    0.00    0.00    0.00    0.00   63.16
08:17:25 AM    4   19.59    0.00   16.49    0.00    0.00    0.00    0.00    0.00    0.00   63.92
08:17:25 AM    5   17.89    0.00   11.58    0.00    0.00    0.00    0.00    0.00    0.00   70.53
08:17:25 AM    6   18.56    0.00   11.34    0.00    0.00    9.28    0.00    0.00    0.00   60.82
08:17:25 AM    7   18.09    0.00   11.70    0.00    0.00    0.00    0.00    0.00    0.00   70.21

08:17:25 AM  CPU    %usr   %nice    %sys %iowait    %irq   %soft  %steal  %guest  %gnice   %idle
08:17:26 AM  all   18.46    0.00   12.95    0.00    0.00    6.15    0.00    0.00    0.00   62.44
08:17:26 AM    0   17.53    0.00   16.49    0.00    0.00   42.27    0.00    0.00    0.00   23.71
08:17:26 AM    1   21.65    0.00   13.40    0.00    0.00    0.00    0.00    0.00    0.00   64.95
08:17:26 AM    2   21.43    0.00   15.31    0.00    0.00    0.00    0.00    0.00    0.00   63.27
08:17:26 AM    3   22.00    0.00   13.00    0.00    0.00    0.00    0.00    0.00    0.00   65.00
08:17:26 AM    4   15.79    0.00   11.58    0.00    0.00    0.00    0.00    0.00    0.00   72.63
08:17:26 AM    5   16.33    0.00   11.22    0.00    0.00    0.00    0.00    0.00    0.00   72.45
08:17:26 AM    6   18.56    0.00    9.28    0.00    0.00    7.22    0.00    0.00    0.00   64.95
08:17:26 AM    7   14.29    0.00   13.27    0.00    0.00    0.00    0.00    0.00    0.00   72.45

08:17:26 AM  CPU    %usr   %nice    %sys %iowait    %irq   %soft  %steal  %guest  %gnice   %idle
08:17:27 AM  all   18.25    0.00   12.13    0.00    0.00    6.00    0.00    0.00    0.00   63.62
08:17:27 AM    0   13.83    0.00   18.09    0.00    0.00   39.36    0.00    0.00    0.00   28.72
08:17:27 AM    1   24.47    0.00    9.57    0.00    0.00    0.00    0.00    0.00    0.00   65.96
08:17:27 AM    2   23.47    0.00   10.20    0.00    0.00    0.00    0.00    0.00    0.00   66.33
08:17:27 AM    3   24.74    0.00   10.31    0.00    0.00    0.00    0.00    0.00    0.00   64.95
08:17:27 AM    4   16.67    0.00   11.46    0.00    0.00    0.00    0.00    0.00    0.00   71.88
08:17:27 AM    5   18.75    0.00   16.67    0.00    0.00    0.00    0.00    0.00    0.00   64.58
08:17:27 AM    6   13.40    0.00   10.31    0.00    0.00    9.28    0.00    0.00    0.00   67.01
08:17:27 AM    7   10.53    0.00   10.53    0.00    0.00    0.00    0.00    0.00    0.00   78.95

08:17:27 AM  CPU    %usr   %nice    %sys %iowait    %irq   %soft  %steal  %guest  %gnice   %idle
08:17:28 AM  all   16.90    0.00   12.29    0.00    0.00    6.27    0.00    0.00    0.00   64.53
08:17:28 AM    0   11.46    0.00   11.46    0.00    0.00   42.71    0.00    0.00    0.00   34.38
08:17:28 AM    1   17.53    0.00   10.31    0.00    0.00    0.00    0.00    0.00    0.00   72.16
08:17:28 AM    2   23.00    0.00   19.00    0.00    0.00    0.00    0.00    0.00    0.00   58.00
08:17:28 AM    3   21.43    0.00    7.14    0.00    0.00    0.00    0.00    0.00    0.00   71.43
08:17:28 AM    4   14.14    0.00   15.15    0.00    0.00    0.00    0.00    0.00    0.00   70.71
08:17:28 AM    5   16.84    0.00    8.42    0.00    0.00    0.00    0.00    0.00    0.00   74.74
08:17:28 AM    6   16.16    0.00   11.11    0.00    0.00    8.08    0.00    0.00    0.00   64.65
08:17:28 AM    7   14.43    0.00   15.46    0.00    0.00    0.00    0.00    0.00    0.00   70.10

08:17:28 AM  CPU    %usr   %nice    %sys %iowait    %irq   %soft  %steal  %guest  %gnice   %idle
08:17:29 AM  all   19.95    0.00   13.94    0.00    0.00    6.27    0.00    0.00    0.00   59.85
08:17:29 AM    0   18.56    0.00   10.31    0.00    0.00   43.30    0.00    0.00    0.00   27.84
08:17:29 AM    1   25.26    0.00   11.58    0.00    0.00    0.00    0.00    0.00    0.00   63.16
08:17:29 AM    2   23.23    0.00   11.11    0.00    0.00    0.00    0.00    0.00    0.00   65.66
08:17:29 AM    3   21.00    0.00   14.00    0.00    0.00    0.00    0.00    0.00    0.00   65.00
08:17:29 AM    4   21.00    0.00   13.00    0.00    0.00    0.00    0.00    0.00    0.00   66.00
08:17:29 AM    5   14.58    0.00   15.62    0.00    0.00    0.00    0.00    0.00    0.00   69.79
08:17:29 AM    6   20.21    0.00   14.89    0.00    0.00    7.45    0.00    0.00    0.00   57.45
08:17:29 AM    7   15.84    0.00   20.79    0.00    0.00    0.00    0.00    0.00    0.00   63.37

08:17:29 AM  CPU    %usr   %nice    %sys %iowait    %irq   %soft  %steal  %guest  %gnice   %idle
08:17:30 AM  all   18.54    0.00   12.66    0.00    0.00    6.14    0.00    0.00    0.00   62.66
08:17:30 AM    0   17.89    0.00    9.47    0.00    0.00   41.05    0.00    0.00    0.00   31.58
08:17:30 AM    1   23.23    0.00   15.15    0.00    0.00    0.00    0.00    0.00    0.00   61.62
08:17:30 AM    2   23.23    0.00   13.13    0.00    0.00    0.00    0.00    0.00    0.00   63.64
08:17:30 AM    3   20.20    0.00   13.13    0.00    0.00    0.00    0.00    0.00    0.00   66.67
08:17:30 AM    4   18.37    0.00   15.31    0.00    0.00    0.00    0.00    0.00    0.00   66.33
08:17:30 AM    5   14.14    0.00   10.10    0.00    0.00    0.00    0.00    0.00    0.00   75.76
08:17:30 AM    6   17.53    0.00   12.37    0.00    0.00    9.28    0.00    0.00    0.00   60.82
08:17:30 AM    7   13.54    0.00   12.50    0.00    0.00    0.00    0.00    0.00    0.00   73.96

08:17:30 AM  CPU    %usr   %nice    %sys %iowait    %irq   %soft  %steal  %guest  %gnice   %idle
08:17:31 AM  all   19.64    0.00   11.42    0.00    0.00    6.42    0.00    0.00    0.00   62.52
08:17:31 AM    0   19.15    0.00   12.77    0.00    0.00   43.62    0.00    0.00    0.00   24.47
08:17:31 AM    1   22.68    0.00   10.31    0.00    0.00    0.00    0.00    0.00    0.00   67.01
08:17:31 AM    2   22.92    0.00   10.42    0.00    0.00    0.00    0.00    0.00    0.00   66.67
08:17:31 AM    3   25.25    0.00    9.09    0.00    0.00    0.00    0.00    0.00    0.00   65.66
08:17:31 AM    4   14.58    0.00   12.50    0.00    0.00    0.00    0.00    0.00    0.00   72.92
08:17:31 AM    5   19.00    0.00   16.00    0.00    0.00    0.00    0.00    0.00    0.00   65.00
08:17:31 AM    6   18.37    0.00    8.16    0.00    0.00    9.18    0.00    0.00    0.00   64.29
08:17:31 AM    7   15.15    0.00   12.12    0.00    0.00    0.00    0.00    0.00    0.00   72.73

08:17:31 AM  CPU    %usr   %nice    %sys %iowait    %irq   %soft  %steal  %guest  %gnice   %idle
08:17:32 AM  all   19.33    0.00   12.11    0.00    0.00    6.44    0.00    0.00    0.00   62.11
08:17:32 AM    0   21.05    0.00   10.53    0.00    0.00   41.05    0.00    0.00    0.00   27.37
08:17:32 AM    1   24.24    0.00   12.12    0.00    0.00    0.00    0.00    0.00    0.00   63.64
08:17:32 AM    2   22.68    0.00   12.37    0.00    0.00    0.00    0.00    0.00    0.00   64.95
08:17:32 AM    3   22.34    0.00   11.70    0.00    0.00    0.00    0.00    0.00    0.00   65.96
08:17:32 AM    4   14.43    0.00   12.37    0.00    0.00    0.00    0.00    0.00    0.00   73.20
08:17:32 AM    5   15.46    0.00   13.40    0.00    0.00    0.00    0.00    0.00    0.00   71.13
08:17:32 AM    6   17.17    0.00   13.13    0.00    0.00   11.11    0.00    0.00    0.00   58.59
08:17:32 AM    7   17.35    0.00   11.22    0.00    0.00    0.00    0.00    0.00    0.00   71.43

08:17:32 AM  CPU    %usr   %nice    %sys %iowait    %irq   %soft  %steal  %guest  %gnice   %idle
08:17:33 AM  all   18.60    0.00   12.02    0.00    0.00    6.07    0.00    0.00    0.00   63.31
08:17:33 AM    0   13.98    0.00   11.83    0.00    0.00   44.09    0.00    0.00    0.00   30.11
08:17:33 AM    1   21.65    0.00   15.46    0.00    0.00    0.00    0.00    0.00    0.00   62.89
08:17:33 AM    2   21.00    0.00   12.00    0.00    0.00    0.00    0.00    0.00    0.00   67.00
08:17:33 AM    3   25.77    0.00   10.31    0.00    0.00    0.00    0.00    0.00    0.00   63.92
08:17:33 AM    4   17.53    0.00   13.40    0.00    0.00    0.00    0.00    0.00    0.00   69.07
08:17:33 AM    5   13.68    0.00   11.58    0.00    0.00    0.00    0.00    0.00    0.00   74.74
08:17:33 AM    6   18.09    0.00    7.45    0.00    0.00    6.38    0.00    0.00    0.00   68.09
08:17:33 AM    7   16.83    0.00   13.86    0.00    0.00    0.00    0.00    0.00    0.00   69.31

08:17:33 AM  CPU    %usr   %nice    %sys %iowait    %irq   %soft  %steal  %guest  %gnice   %idle
08:17:34 AM  all   20.08    0.00   11.84    0.00    0.00    6.44    0.00    0.00    0.00   61.65
08:17:34 AM    0   12.63    0.00   11.58    0.00    0.00   45.26    0.00    0.00    0.00   30.53
08:17:34 AM    1   24.74    0.00    7.22    0.00    0.00    0.00    0.00    0.00    0.00   68.04
08:17:34 AM    2   24.21    0.00    7.37    0.00    0.00    0.00    0.00    0.00    0.00   68.42
08:17:34 AM    3   20.20    0.00    9.09    0.00    0.00    0.00    0.00    0.00    0.00   70.71
08:17:34 AM    4   21.43    0.00   15.31    0.00    0.00    0.00    0.00    0.00    0.00   63.27
08:17:34 AM    5   20.00    0.00   15.00    0.00    0.00    0.00    0.00    0.00    0.00   65.00
08:17:34 AM    6   19.39    0.00   13.27    0.00    0.00    7.14    0.00    0.00    0.00   60.20
08:17:34 AM    7   17.89    0.00   15.79    0.00    0.00    0.00    0.00    0.00    0.00   66.32

08:17:34 AM  CPU    %usr   %nice    %sys %iowait    %irq   %soft  %steal  %guest  %gnice   %idle
08:17:35 AM  all   19.15    0.00   11.70    0.00    0.00    6.17    0.00    0.00    0.00   62.98
08:17:35 AM    0   10.53    0.00   12.63    0.00    0.00   42.11    0.00    0.00    0.00   34.74
08:17:35 AM    1   27.27    0.00   11.11    0.00    0.00    0.00    0.00    0.00    0.00   61.62
08:17:35 AM    2   23.47    0.00   10.20    0.00    0.00    0.00    0.00    0.00    0.00   66.33
08:17:35 AM    3   21.43    0.00    7.14    0.00    0.00    0.00    0.00    0.00    0.00   71.43
08:17:35 AM    4   15.79    0.00   12.63    0.00    0.00    0.00    0.00    0.00    0.00   71.58
08:17:35 AM    5   17.35    0.00   11.22    0.00    0.00    0.00    0.00    0.00    0.00   71.43
08:17:35 AM    6   20.83    0.00   12.50    0.00    0.00    8.33    0.00    0.00    0.00   58.33
08:17:35 AM    7   16.16    0.00   16.16    0.00    0.00    0.00    0.00    0.00    0.00   67.68

08:17:35 AM  CPU    %usr   %nice    %sys %iowait    %irq   %soft  %steal  %guest  %gnice   %idle
08:17:36 AM  all   20.56    0.00   12.52    0.00    0.00    7.02    0.00    0.00    0.00   59.90
08:17:36 AM    0   12.90    0.00    6.45    0.00    0.00   48.39    0.00    0.00    0.00   32.26
08:17:36 AM    1   26.53    0.00   14.29    0.00    0.00    0.00    0.00    0.00    0.00   59.18
08:17:36 AM    2   28.57    0.00   14.29    0.00    0.00    0.00    0.00    0.00    0.00   57.14
08:17:36 AM    3   22.22    0.00    8.08    0.00    0.00    0.00    0.00    0.00    0.00   69.70
08:17:36 AM    4   17.35    0.00   15.31    0.00    0.00    0.00    0.00    0.00    0.00   67.35
08:17:36 AM    5   21.43    0.00   10.20    0.00    0.00    0.00    0.00    0.00    0.00   68.37
08:17:36 AM    6   20.20    0.00   15.15    0.00    0.00   10.10    0.00    0.00    0.00   54.55
08:17:36 AM    7   15.00    0.00   16.00    0.00    0.00    0.00    0.00    0.00    0.00   69.00

08:17:36 AM  CPU    %usr   %nice    %sys %iowait    %irq   %soft  %steal  %guest  %gnice   %idle
08:17:37 AM  all   18.46    0.00   11.79    0.00    0.00    5.77    0.00    0.00    0.00   63.97
08:17:37 AM    0   18.37    0.00   11.22    0.00    0.00   38.78    0.00    0.00    0.00   31.63
08:17:37 AM    1   27.84    0.00   10.31    0.00    0.00    0.00    0.00    0.00    0.00   61.86
08:17:37 AM    2   21.88    0.00    7.29    0.00    0.00    0.00    0.00    0.00    0.00   70.83
08:17:37 AM    3   23.71    0.00   14.43    0.00    0.00    0.00    0.00    0.00    0.00   61.86
08:17:37 AM    4   14.58    0.00   12.50    0.00    0.00    0.00    0.00    0.00    0.00   72.92
08:17:37 AM    5   14.29    0.00   12.24    0.00    0.00    0.00    0.00    0.00    0.00   73.47
08:17:37 AM    6   13.13    0.00   14.14    0.00    0.00    7.07    0.00    0.00    0.00   65.66
08:17:37 AM    7   14.14    0.00   12.12    0.00    0.00    0.00    0.00    0.00    0.00   73.74

08:17:37 AM  CPU    %usr   %nice    %sys %iowait    %irq   %soft  %steal  %guest  %gnice   %idle
08:17:38 AM  all   17.89    0.00   11.20    0.13    0.00    6.44    0.00    0.00    0.00   64.35
08:17:38 AM    0   15.62    0.00   11.46    0.00    0.00   43.75    0.00    0.00    0.00   29.17
08:17:38 AM    1   24.00    0.00    8.00    1.00    0.00    0.00    0.00    0.00    0.00   67.00
08:17:38 AM    2   19.59    0.00    8.25    0.00    0.00    0.00    0.00    0.00    0.00   72.16
08:17:38 AM    3   21.21    0.00   10.10    0.00    0.00    0.00    0.00    0.00    0.00   68.69
08:17:38 AM    4   15.62    0.00   13.54    0.00    0.00    0.00    0.00    0.00    0.00   70.83
08:17:38 AM    5   14.74    0.00   12.63    0.00    0.00    0.00    0.00    0.00    0.00   72.63
08:17:38 AM    6   17.53    0.00   11.34    0.00    0.00    8.25    0.00    0.00    0.00   62.89
08:17:38 AM    7   14.43    0.00   14.43    0.00    0.00    0.00    0.00    0.00    0.00   71.13

08:17:38 AM  CPU    %usr   %nice    %sys %iowait    %irq   %soft  %steal  %guest  %gnice   %idle
08:17:39 AM  all   19.95    0.00   11.44    0.00    0.00    5.84    0.00    0.00    0.00   62.77
08:17:39 AM    0   20.41    0.00    9.18    0.00    0.00   38.78    0.00    0.00    0.00   31.63
08:17:39 AM    1   24.49    0.00   13.27    0.00    0.00    0.00    0.00    0.00    0.00   62.24
08:17:39 AM    2   25.49    0.00   12.75    0.00    0.00    0.00    0.00    0.00    0.00   61.76
08:17:39 AM    3   24.21    0.00   14.74    0.00    0.00    0.00    0.00    0.00    0.00   61.05
08:17:39 AM    4   14.43    0.00   12.37    0.00    0.00    0.00    0.00    0.00    0.00   73.20
08:17:39 AM    5   18.18    0.00    7.07    0.00    0.00    0.00    0.00    0.00    0.00   74.75
08:17:39 AM    6   17.53    0.00   10.31    0.00    0.00    8.25    0.00    0.00    0.00   63.92
08:17:39 AM    7   14.85    0.00   11.88    0.00    0.00    0.00    0.00    0.00    0.00   73.27

08:17:39 AM  CPU    %usr   %nice    %sys %iowait    %irq   %soft  %steal  %guest  %gnice   %idle
08:17:40 AM  all   17.85    0.00   11.13    0.00    0.00    6.08    0.00    0.00    0.00   64.94
08:17:40 AM    0   15.96    0.00   12.77    0.00    0.00   40.43    0.00    0.00    0.00   30.85
08:17:40 AM    1   20.62    0.00   10.31    0.00    0.00    0.00    0.00    0.00    0.00   69.07
08:17:40 AM    2   23.71    0.00    9.28    0.00    0.00    0.00    0.00    0.00    0.00   67.01
08:17:40 AM    3   17.53    0.00   12.37    0.00    0.00    0.00    0.00    0.00    0.00   70.10
08:17:40 AM    4   13.54    0.00   10.42    0.00    0.00    0.00    0.00    0.00    0.00   76.04
08:17:40 AM    5   16.33    0.00   13.27    0.00    0.00    0.00    0.00    0.00    0.00   70.41
08:17:40 AM    6   17.17    0.00   13.13    0.00    0.00    9.09    0.00    0.00    0.00   60.61
08:17:40 AM    7   17.89    0.00    7.37    0.00    0.00    0.00    0.00    0.00    0.00   74.74

08:17:40 AM  CPU    %usr   %nice    %sys %iowait    %irq   %soft  %steal  %guest  %gnice   %idle
08:17:41 AM  all   19.69    0.00   12.53    0.00    0.00    6.39    0.00    0.00    0.00   61.38
08:17:41 AM    0   17.71    0.00   11.46    0.00    0.00   43.75    0.00    0.00    0.00   27.08
08:17:41 AM    1   23.96    0.00    9.38    0.00    0.00    0.00    0.00    0.00    0.00   66.67
08:17:41 AM    2   20.41    0.00   12.24    0.00    0.00    0.00    0.00    0.00    0.00   67.35
08:17:41 AM    3   21.05    0.00    8.42    0.00    0.00    0.00    0.00    0.00    0.00   70.53
08:17:41 AM    4   20.20    0.00   12.12    0.00    0.00    0.00    0.00    0.00    0.00   67.68
08:17:41 AM    5   20.41    0.00   12.24    0.00    0.00    0.00    0.00    0.00    0.00   67.35
08:17:41 AM    6   18.18    0.00   16.16    0.00    0.00    8.08    0.00    0.00    0.00   57.58
08:17:41 AM    7   15.84    0.00   17.82    0.00    0.00    0.00    0.00    0.00    0.00   66.34

08:17:41 AM  CPU    %usr   %nice    %sys %iowait    %irq   %soft  %steal  %guest  %gnice   %idle
08:17:42 AM  all   18.57    0.00   12.29    0.00    0.00    6.15    0.00    0.00    0.00   63.00
08:17:42 AM    0   19.79    0.00   11.46    0.00    0.00   41.67    0.00    0.00    0.00   27.08
08:17:42 AM    1   21.43    0.00   16.33    0.00    0.00    0.00    0.00    0.00    0.00   62.24
08:17:42 AM    2   23.71    0.00   11.34    0.00    0.00    0.00    0.00    0.00    0.00   64.95
08:17:42 AM    3   21.21    0.00   10.10    0.00    0.00    0.00    0.00    0.00    0.00   68.69
08:17:42 AM    4   14.43    0.00   13.40    0.00    0.00    0.00    0.00    0.00    0.00   72.16
08:17:42 AM    5   15.62    0.00   10.42    0.00    0.00    0.00    0.00    0.00    0.00   73.96
08:17:42 AM    6   18.00    0.00   12.00    0.00    0.00    8.00    0.00    0.00    0.00   62.00
08:17:42 AM    7   14.29    0.00   13.27    0.00    0.00    0.00    0.00    0.00    0.00   72.45

08:17:42 AM  CPU    %usr   %nice    %sys %iowait    %irq   %soft  %steal  %guest  %gnice   %idle
08:17:43 AM  all   17.42    0.00   11.10    0.00    0.00    5.42    0.00    0.00    0.00   66.06
08:17:43 AM    0   16.67    0.00   10.42    0.00    0.00   35.42    0.00    0.00    0.00   37.50
08:17:43 AM    1   24.74    0.00   12.37    0.00    0.00    0.00    0.00    0.00    0.00   62.89
08:17:43 AM    2   21.78    0.00   12.87    0.00    0.00    0.00    0.00    0.00    0.00   65.35
08:17:43 AM    3   20.83    0.00   12.50    0.00    0.00    0.00    0.00    0.00    0.00   66.67
08:17:43 AM    4   13.68    0.00   11.58    0.00    0.00    0.00    0.00    0.00    0.00   74.74
08:17:43 AM    5   12.50    0.00   11.46    0.00    0.00    0.00    0.00    0.00    0.00   76.04
08:17:43 AM    6   15.46    0.00    8.25    0.00    0.00    8.25    0.00    0.00    0.00   68.04
08:17:43 AM    7   13.40    0.00    9.28    0.00    0.00    0.00    0.00    0.00    0.00   77.32

08:17:43 AM  CPU    %usr   %nice    %sys %iowait    %irq   %soft  %steal  %guest  %gnice   %idle
08:17:44 AM  all   19.12    0.00   12.40    0.00    0.00    6.20    0.00    0.00    0.00   62.27
08:17:44 AM    0   17.71    0.00   10.42    0.00    0.00   42.71    0.00    0.00    0.00   29.17
08:17:44 AM    1   24.21    0.00    8.42    0.00    0.00    0.00    0.00    0.00    0.00   67.37
08:17:44 AM    2   22.45    0.00   17.35    0.00    0.00    0.00    0.00    0.00    0.00   60.20
08:17:44 AM    3   20.41    0.00    9.18    0.00    0.00    0.00    0.00    0.00    0.00   70.41
08:17:44 AM    4   14.43    0.00   12.37    0.00    0.00    0.00    0.00    0.00    0.00   73.20
08:17:44 AM    5   18.37    0.00   15.31    0.00    0.00    0.00    0.00    0.00    0.00   66.33
08:17:44 AM    6   19.79    0.00   12.50    0.00    0.00    7.29    0.00    0.00    0.00   60.42
08:17:44 AM    7   15.62    0.00   13.54    0.00    0.00    0.00    0.00    0.00    0.00   70.83

08:17:44 AM  CPU    %usr   %nice    %sys %iowait    %irq   %soft  %steal  %guest  %gnice   %idle
08:17:45 AM  all   20.41    0.00   12.45    0.00    0.00    7.06    0.00    0.00    0.00   60.08
08:17:45 AM    0   13.54    0.00    9.38    0.00    0.00   46.88    0.00    0.00    0.00   30.21
08:17:45 AM    1   29.00    0.00   10.00    0.00    0.00    0.00    0.00    0.00    0.00   61.00
08:17:45 AM    2   23.47    0.00   12.24    0.00    0.00    0.00    0.00    0.00    0.00   64.29
08:17:45 AM    3   25.00    0.00    8.33    0.00    0.00    0.00    0.00    0.00    0.00   66.67
08:17:45 AM    4   15.46    0.00   19.59    0.00    0.00    0.00    0.00    0.00    0.00   64.95
08:17:45 AM    5   20.20    0.00   14.14    0.00    0.00    0.00    0.00    0.00    0.00   65.66
08:17:45 AM    6   21.21    0.00   11.11    0.00    0.00   10.10    0.00    0.00    0.00   57.58
08:17:45 AM    7   14.89    0.00   14.89    0.00    0.00    0.00    0.00    0.00    0.00   70.21

08:17:45 AM  CPU    %usr   %nice    %sys %iowait    %irq   %soft  %steal  %guest  %gnice   %idle
08:17:46 AM  all   17.33    0.00   11.55    0.00    0.00    6.03    0.00    0.00    0.00   65.08
08:17:46 AM    0   16.13    0.00   13.98    0.00    0.00   40.86    0.00    0.00    0.00   29.03
08:17:46 AM    1   21.21    0.00    9.09    0.00    0.00    0.00    0.00    0.00    0.00   69.70
08:17:46 AM    2   22.45    0.00    9.18    0.00    0.00    0.00    0.00    0.00    0.00   68.37
08:17:46 AM    3   18.00    0.00   13.00    0.00    0.00    0.00    0.00    0.00    0.00   69.00
08:17:46 AM    4   13.40    0.00   11.34    0.00    0.00    0.00    0.00    0.00    0.00   75.26
08:17:46 AM    5   14.43    0.00   11.34    0.00    0.00    0.00    0.00    0.00    0.00   74.23
08:17:46 AM    6   17.53    0.00    8.25    0.00    0.00    9.28    0.00    0.00    0.00   64.95
08:17:46 AM    7   15.31    0.00   16.33    0.00    0.00    0.00    0.00    0.00    0.00   68.37

08:17:46 AM  CPU    %usr   %nice    %sys %iowait    %irq   %soft  %steal  %guest  %gnice   %idle
08:17:47 AM  all   17.49    0.00   10.75    0.00    0.00    6.22    0.00    0.00    0.00   65.54
08:17:47 AM    0   18.75    0.00    8.33    0.00    0.00   40.62    0.00    0.00    0.00   32.29
08:17:47 AM    1   19.15    0.00   13.83    0.00    0.00    0.00    0.00    0.00    0.00   67.02
08:17:47 AM    2   19.79    0.00   10.42    0.00    0.00    0.00    0.00    0.00    0.00   69.79
08:17:47 AM    3   26.00    0.00   13.00    0.00    0.00    0.00    0.00    0.00    0.00   61.00
08:17:47 AM    4   12.50    0.00   12.50    0.00    0.00    0.00    0.00    0.00    0.00   75.00
08:17:47 AM    5   14.74    0.00    6.32    0.00    0.00    0.00    0.00    0.00    0.00   78.95
08:17:47 AM    6   13.27    0.00   11.22    0.00    0.00    9.18    0.00    0.00    0.00   66.33
08:17:47 AM    7   15.46    0.00   10.31    0.00    0.00    0.00    0.00    0.00    0.00   74.23

08:17:47 AM  CPU    %usr   %nice    %sys %iowait    %irq   %soft  %steal  %guest  %gnice   %idle
08:17:48 AM  all   19.41    0.00   12.26    0.00    0.00    7.54    0.00    0.00    0.00   60.79
08:17:48 AM    0   12.87    0.00   11.88    0.00    0.00   48.51    0.00    0.00    0.00   26.73
08:17:48 AM    1   27.96    0.00    9.68    0.00    0.00    0.00    0.00    0.00    0.00   62.37
08:17:48 AM    2   25.25    0.00   16.16    0.00    0.00    0.00    0.00    0.00    0.00   58.59
08:17:48 AM    3   20.20    0.00    8.08    0.00    0.00    0.00    0.00    0.00    0.00   71.72
08:17:48 AM    4   18.37    0.00   12.24    0.00    0.00    0.00    0.00    0.00    0.00   69.39
08:17:48 AM    5   17.53    0.00   15.46    0.00    0.00    0.00    0.00    0.00    0.00   67.01
08:17:48 AM    6   19.80    0.00   12.87    0.00    0.00    9.90    0.00    0.00    0.00   57.43
08:17:48 AM    7   13.68    0.00   11.58    0.00    0.00    0.00    0.00    0.00    0.00   74.74

08:17:48 AM  CPU    %usr   %nice    %sys %iowait    %irq   %soft  %steal  %guest  %gnice   %idle
08:17:49 AM  all   19.56    0.00   12.44    0.00    0.00    6.35    0.00    0.00    0.00   61.66
08:17:49 AM    0   15.62    0.00   12.50    0.00    0.00   41.67    0.00    0.00    0.00   30.21
08:17:49 AM    1   23.40    0.00    7.45    0.00    0.00    0.00    0.00    0.00    0.00   69.15
08:17:49 AM    2   22.68    0.00   13.40    0.00    0.00    0.00    0.00    0.00    0.00   63.92
08:17:49 AM    3   20.62    0.00    8.25    0.00    0.00    0.00    0.00    0.00    0.00   71.13
08:17:49 AM    4   20.20    0.00   13.13    0.00    0.00    0.00    0.00    0.00    0.00   66.67
08:17:49 AM    5   17.53    0.00   18.56    0.00    0.00    0.00    0.00    0.00    0.00   63.92
08:17:49 AM    6   19.19    0.00   12.12    0.00    0.00    9.09    0.00    0.00    0.00   59.60
08:17:49 AM    7   17.20    0.00   13.98    0.00    0.00    0.00    0.00    0.00    0.00   68.82

08:17:49 AM  CPU    %usr   %nice    %sys %iowait    %irq   %soft  %steal  %guest  %gnice   %idle
08:17:50 AM  all   16.92    0.00   11.15    0.00    0.00    5.51    0.00    0.00    0.00   66.41
08:17:50 AM    0   18.56    0.00   11.34    0.00    0.00   36.08    0.00    0.00    0.00   34.02
08:17:50 AM    1   18.18    0.00    9.09    0.00    0.00    0.00    0.00    0.00    0.00   72.73
08:17:50 AM    2   20.20    0.00   11.11    0.00    0.00    0.00    0.00    0.00    0.00   68.69
08:17:50 AM    3   20.62    0.00    9.28    0.00    0.00    0.00    0.00    0.00    0.00   70.10
08:17:50 AM    4   16.16    0.00   11.11    0.00    0.00    0.00    0.00    0.00    0.00   72.73
08:17:50 AM    5    9.47    0.00   13.68    0.00    0.00    0.00    0.00    0.00    0.00   76.84
08:17:50 AM    6   17.53    0.00   11.34    0.00    0.00    8.25    0.00    0.00    0.00   62.89
08:17:50 AM    7   14.43    0.00   12.37    0.00    0.00    0.00    0.00    0.00    0.00   73.20

08:17:50 AM  CPU    %usr   %nice    %sys %iowait    %irq   %soft  %steal  %guest  %gnice   %idle
08:17:51 AM  all   18.11    0.00   11.77    0.00    0.00    6.86    0.00    0.00    0.00   63.26
08:17:51 AM    0   13.83    0.00    5.32    0.00    0.00   46.81    0.00    0.00    0.00   34.04
08:17:51 AM    1   24.49    0.00   17.35    0.00    0.00    0.00    0.00    0.00    0.00   58.16
08:17:51 AM    2   19.39    0.00   17.35    0.00    0.00    0.00    0.00    0.00    0.00   63.27
08:17:51 AM    3   18.95    0.00   11.58    0.00    0.00    0.00    0.00    0.00    0.00   69.47
08:17:51 AM    4   17.53    0.00    9.28    0.00    0.00    0.00    0.00    0.00    0.00   73.20
08:17:51 AM    5   17.71    0.00    9.38    0.00    0.00    0.00    0.00    0.00    0.00   72.92
08:17:51 AM    6   17.17    0.00   14.14    0.00    0.00    9.09    0.00    0.00    0.00   59.60
08:17:51 AM    7   15.62    0.00    9.38    0.00    0.00    0.00    0.00    0.00    0.00   75.00

08:17:51 AM  CPU    %usr   %nice    %sys %iowait    %irq   %soft  %steal  %guest  %gnice   %idle
08:17:52 AM  all   18.29    0.00   13.10    0.00    0.00    6.87    0.00    0.00    0.00   61.74
08:17:52 AM    0   15.00    0.00    9.00    0.00    0.00   46.00    0.00    0.00    0.00   30.00
08:17:52 AM    1   21.88    0.00   15.62    0.00    0.00    0.00    0.00    0.00    0.00   62.50
08:17:52 AM    2   18.95    0.00   11.58    0.00    0.00    0.00    0.00    0.00    0.00   69.47
08:17:52 AM    3   19.19    0.00   13.13    0.00    0.00    0.00    0.00    0.00    0.00   67.68
08:17:52 AM    4   18.09    0.00   14.89    0.00    0.00    0.00    0.00    0.00    0.00   67.02
08:17:52 AM    5   19.19    0.00   14.14    0.00    0.00    0.00    0.00    0.00    0.00   66.67
08:17:52 AM    6   16.13    0.00   17.20    0.00    0.00    7.53    0.00    0.00    0.00   59.14
08:17:52 AM    7   17.89    0.00    9.47    0.00    0.00    0.00    0.00    0.00    0.00   72.63

08:17:52 AM  CPU    %usr   %nice    %sys %iowait    %irq   %soft  %steal  %guest  %gnice   %idle
08:17:53 AM  all   19.46    0.00   12.80    0.00    0.00    6.53    0.00    0.00    0.00   61.20
08:17:53 AM    0   16.33    0.00    9.18    0.00    0.00   44.90    0.00    0.00    0.00   29.59
08:17:53 AM    1   22.68    0.00   16.49    0.00    0.00    0.00    0.00    0.00    0.00   60.82
08:17:53 AM    2   23.96    0.00   14.58    0.00    0.00    0.00    0.00    0.00    0.00   61.46
08:17:53 AM    3   23.16    0.00   14.74    0.00    0.00    0.00    0.00    0.00    0.00   62.11
08:17:53 AM    4   18.00    0.00   13.00    0.00    0.00    0.00    0.00    0.00    0.00   69.00
08:17:53 AM    5   18.56    0.00   13.40    0.00    0.00    0.00    0.00    0.00    0.00   68.04
08:17:53 AM    6   18.00    0.00   10.00    0.00    0.00    7.00    0.00    0.00    0.00   65.00
08:17:53 AM    7   15.31    0.00   11.22    0.00    0.00    0.00    0.00    0.00    0.00   73.47

Average:     CPU    %usr   %nice    %sys %iowait    %irq   %soft  %steal  %guest  %gnice   %idle
Average:     all   18.72    0.00   11.92    0.00    0.00    6.33    0.00    0.00    0.00   63.02
Average:       0   16.34    0.00   10.44    0.00    0.00   42.42    0.00    0.00    0.00   30.81
Average:       1   23.40    0.00   11.62    0.03    0.00    0.03    0.00    0.00    0.00   64.92
Average:       2   22.48    0.00   12.10    0.00    0.00    0.00    0.00    0.00    0.00   65.42
Average:       3   21.90    0.00   11.64    0.00    0.00    0.03    0.00    0.00    0.00   66.44
Average:       4   16.42    0.00   12.86    0.00    0.00    0.00    0.00    0.00    0.00   70.71
Average:       5   16.50    0.00   12.40    0.00    0.00    0.00    0.00    0.00    0.00   71.10
Average:       6   17.27    0.00   11.63    0.00    0.00    8.58    0.00    0.00    0.00   62.52
Average:       7   15.37    0.00   12.67    0.00    0.00    0.00    0.00    0.00    0.00   71.95
