Linux 6.1.141 (king) 	08/20/2026 	_aarch64_	(8 CPU)

10:21:30 AM  CPU    %usr   %nice    %sys %iowait    %irq   %soft  %steal  %guest  %gnice   %idle
10:21:31 AM  all   27.86    0.00   19.77    0.00    0.00    9.11    0.00    0.00    0.00   43.26
10:21:31 AM    0    1.04    0.00    5.21    0.00    0.00   73.96    0.00    0.00    0.00   19.79
10:21:31 AM    1   25.00    0.00   16.67    0.00    0.00    0.00    0.00    0.00    0.00   58.33
10:21:31 AM    2   28.42    0.00   11.58    0.00    0.00    0.00    0.00    0.00    0.00   60.00
10:21:31 AM    3   27.55    0.00   13.27    0.00    0.00    0.00    0.00    0.00    0.00   59.18
10:21:31 AM    4   34.02    0.00   28.87    0.00    0.00    0.00    0.00    0.00    0.00   37.11
10:21:31 AM    5   34.69    0.00   29.59    0.00    0.00    0.00    0.00    0.00    0.00   35.71
10:21:31 AM    6   35.00    0.00   27.00    0.00    0.00    0.00    0.00    0.00    0.00   38.00
10:21:31 AM    7   36.36    0.00   25.25    0.00    0.00    0.00    0.00    0.00    0.00   38.38

10:21:31 AM  CPU    %usr   %nice    %sys %iowait    %irq   %soft  %steal  %guest  %gnice   %idle
10:21:32 AM  all   26.62    0.00   18.70    0.00    0.00    9.74    0.00    0.00    0.00   44.94
10:21:32 AM    0    4.08    0.00    3.06    0.00    0.00   76.53    0.00    0.00    0.00   16.33
10:21:32 AM    1   30.61    0.00   15.31    0.00    0.00    0.00    0.00    0.00    0.00   54.08
10:21:32 AM    2   33.33    0.00   15.62    0.00    0.00    0.00    0.00    0.00    0.00   51.04
10:21:32 AM    3   28.12    0.00   13.54    0.00    0.00    0.00    0.00    0.00    0.00   58.33
10:21:32 AM    4   31.63    0.00   27.55    0.00    0.00    0.00    0.00    0.00    0.00   40.82
10:21:32 AM    5   32.98    0.00   22.34    0.00    0.00    0.00    0.00    0.00    0.00   44.68
10:21:32 AM    6   27.37    0.00   25.26    0.00    0.00    0.00    0.00    0.00    0.00   47.37
10:21:32 AM    7   25.26    0.00   27.37    0.00    0.00    0.00    0.00    0.00    0.00   47.37

10:21:32 AM  CPU    %usr   %nice    %sys %iowait    %irq   %soft  %steal  %guest  %gnice   %idle
10:21:33 AM  all   28.39    0.00   19.23    0.00    0.00   10.06    0.00    0.00    0.00   42.32
10:21:33 AM    0    3.00    0.00    3.00    0.00    0.00   78.00    0.00    0.00    0.00   16.00
10:21:33 AM    1   20.62    0.00   10.31    0.00    0.00    0.00    0.00    0.00    0.00   69.07
10:21:33 AM    2   27.37    0.00   11.58    0.00    0.00    0.00    0.00    0.00    0.00   61.05
10:21:33 AM    3   24.24    0.00   15.15    0.00    0.00    0.00    0.00    0.00    0.00   60.61
10:21:33 AM    4   35.79    0.00   29.47    0.00    0.00    0.00    0.00    0.00    0.00   34.74
10:21:33 AM    5   36.46    0.00   30.21    0.00    0.00    0.00    0.00    0.00    0.00   33.33
10:21:33 AM    6   40.21    0.00   27.84    0.00    0.00    0.00    0.00    0.00    0.00   31.96
10:21:33 AM    7   40.62    0.00   27.08    0.00    0.00    0.00    0.00    0.00    0.00   32.29

10:21:33 AM  CPU    %usr   %nice    %sys %iowait    %irq   %soft  %steal  %guest  %gnice   %idle
10:21:34 AM  all   29.26    0.00   18.73    0.13    0.00   10.01    0.00    0.00    0.00   41.87
10:21:34 AM    0    3.06    0.00    2.04    0.00    0.00   78.57    0.00    0.00    0.00   16.33
10:21:34 AM    1   23.16    0.00   10.53    0.00    0.00    0.00    0.00    0.00    0.00   66.32
10:21:34 AM    2   20.41    0.00    9.18    0.00    0.00    0.00    0.00    0.00    0.00   70.41
10:21:34 AM    3   29.90    0.00   13.40    0.00    0.00    0.00    0.00    0.00    0.00   56.70
10:21:34 AM    4   41.05    0.00   27.37    0.00    0.00    0.00    0.00    0.00    0.00   31.58
10:21:34 AM    5   41.30    0.00   28.26    0.00    0.00    0.00    0.00    0.00    0.00   30.43
10:21:34 AM    6   35.42    0.00   31.25    1.04    0.00    0.00    0.00    0.00    0.00   32.29
10:21:34 AM    7   40.82    0.00   28.57    0.00    0.00    0.00    0.00    0.00    0.00   30.61

10:21:34 AM  CPU    %usr   %nice    %sys %iowait    %irq   %soft  %steal  %guest  %gnice   %idle
10:21:35 AM  all   27.64    0.00   19.30    0.00    0.00    9.78    0.00    0.00    0.00   43.29
10:21:35 AM    0    4.00    0.00    3.00    0.00    0.00   75.00    0.00    0.00    0.00   18.00
10:21:35 AM    1   16.84    0.00   11.58    0.00    0.00    0.00    0.00    0.00    0.00   71.58
10:21:35 AM    2   22.92    0.00    7.29    0.00    0.00    0.00    0.00    0.00    0.00   69.79
10:21:35 AM    3   21.21    0.00   11.11    0.00    0.00    0.00    0.00    0.00    0.00   67.68
10:21:35 AM    4   39.13    0.00   32.61    0.00    0.00    0.00    0.00    0.00    0.00   28.26
10:21:35 AM    5   38.95    0.00   30.53    0.00    0.00    0.00    0.00    0.00    0.00   30.53
10:21:35 AM    6   41.05    0.00   30.53    0.00    0.00    0.00    0.00    0.00    0.00   28.42
10:21:35 AM    7   38.95    0.00   29.47    0.00    0.00    0.00    0.00    0.00    0.00   31.58

10:21:35 AM  CPU    %usr   %nice    %sys %iowait    %irq   %soft  %steal  %guest  %gnice   %idle
10:21:36 AM  all   26.16    0.00   16.88    0.00    0.00    9.41    0.00    0.00    0.00   47.55
10:21:36 AM    0    3.06    0.00    1.02    0.00    0.00   74.49    0.00    0.00    0.00   21.43
10:21:36 AM    1   30.61    0.00   14.29    0.00    0.00    0.00    0.00    0.00    0.00   55.10
10:21:36 AM    2   26.80    0.00   12.37    0.00    0.00    0.00    0.00    0.00    0.00   60.82
10:21:36 AM    3   26.32    0.00   10.53    0.00    0.00    0.00    0.00    0.00    0.00   63.16
10:21:36 AM    4   29.17    0.00   25.00    0.00    0.00    0.00    0.00    0.00    0.00   45.83
10:21:36 AM    5   34.69    0.00   25.51    0.00    0.00    0.00    0.00    0.00    0.00   39.80
10:21:36 AM    6   28.57    0.00   22.45    0.00    0.00    0.00    0.00    0.00    0.00   48.98
10:21:36 AM    7   30.21    0.00   23.96    0.00    0.00    0.00    0.00    0.00    0.00   45.83

10:21:36 AM  CPU    %usr   %nice    %sys %iowait    %irq   %soft  %steal  %guest  %gnice   %idle
10:21:37 AM  all   28.00    0.00   18.97    0.00    0.00   10.06    0.00    0.00    0.00   42.97
10:21:37 AM    0    3.00    0.00    3.00    0.00    0.00   78.00    0.00    0.00    0.00   16.00
10:21:37 AM    1   27.84    0.00   12.37    0.00    0.00    0.00    0.00    0.00    0.00   59.79
10:21:37 AM    2   29.00    0.00   14.00    0.00    0.00    0.00    0.00    0.00    0.00   57.00
10:21:37 AM    3   27.27    0.00   13.13    0.00    0.00    0.00    0.00    0.00    0.00   59.60
10:21:37 AM    4   33.33    0.00   32.29    0.00    0.00    0.00    0.00    0.00    0.00   34.38
10:21:37 AM    5   35.42    0.00   28.12    0.00    0.00    0.00    0.00    0.00    0.00   36.46
10:21:37 AM    6   34.41    0.00   26.88    0.00    0.00    0.00    0.00    0.00    0.00   38.71
10:21:37 AM    7   35.11    0.00   23.40    0.00    0.00    0.00    0.00    0.00    0.00   41.49

10:21:37 AM  CPU    %usr   %nice    %sys %iowait    %irq   %soft  %steal  %guest  %gnice   %idle
10:21:38 AM  all   24.64    0.00   17.73    0.00    0.00    8.60    0.00    0.00    0.00   49.02
10:21:38 AM    0    5.26    0.00    3.16    0.00    0.00   69.47    0.00    0.00    0.00   22.11
10:21:38 AM    1   22.92    0.00   10.42    0.00    0.00    0.00    0.00    0.00    0.00   66.67
10:21:38 AM    2   25.00    0.00   10.42    0.00    0.00    0.00    0.00    0.00    0.00   64.58
10:21:38 AM    3   19.79    0.00   13.54    0.00    0.00    0.00    0.00    0.00    0.00   66.67
10:21:38 AM    4   31.91    0.00   24.47    0.00    0.00    0.00    0.00    0.00    0.00   43.62
10:21:38 AM    5   33.00    0.00   27.00    0.00    0.00    0.00    0.00    0.00    0.00   40.00
10:21:38 AM    6   27.37    0.00   27.37    0.00    0.00    0.00    0.00    0.00    0.00   45.26
10:21:38 AM    7   31.58    0.00   25.26    0.00    0.00    0.00    0.00    0.00    0.00   43.16

10:21:38 AM  CPU    %usr   %nice    %sys %iowait    %irq   %soft  %steal  %guest  %gnice   %idle
10:21:39 AM  all   27.32    0.00   19.59    0.00    0.00    8.89    0.00    0.00    0.00   44.20
10:21:39 AM    0    3.19    0.00    2.13    0.00    0.00   73.40    0.00    0.00    0.00   21.28
10:21:39 AM    1   22.11    0.00   10.53    0.00    0.00    0.00    0.00    0.00    0.00   67.37
10:21:39 AM    2   24.75    0.00   15.84    0.00    0.00    0.00    0.00    0.00    0.00   59.41
10:21:39 AM    3   27.27    0.00   17.17    0.00    0.00    0.00    0.00    0.00    0.00   55.56
10:21:39 AM    4   39.18    0.00   26.80    0.00    0.00    0.00    0.00    0.00    0.00   34.02
10:21:39 AM    5   32.63    0.00   28.42    0.00    0.00    0.00    0.00    0.00    0.00   38.95
10:21:39 AM    6   35.35    0.00   26.26    0.00    0.00    0.00    0.00    0.00    0.00   38.38
10:21:39 AM    7   33.33    0.00   29.17    0.00    0.00    0.00    0.00    0.00    0.00   37.50

10:21:39 AM  CPU    %usr   %nice    %sys %iowait    %irq   %soft  %steal  %guest  %gnice   %idle
10:21:40 AM  all   29.52    0.00   20.61    0.00    0.00   10.05    0.00    0.00    0.00   39.82
10:21:40 AM    0    3.96    0.00    0.99    0.00    0.00   78.22    0.00    0.00    0.00   16.83
10:21:40 AM    1   25.26    0.00   10.53    0.00    0.00    0.00    0.00    0.00    0.00   64.21
10:21:40 AM    2   19.59    0.00   14.43    0.00    0.00    0.00    0.00    0.00    0.00   65.98
10:21:40 AM    3   22.00    0.00    7.00    0.00    0.00    0.00    0.00    0.00    0.00   71.00
10:21:40 AM    4   42.27    0.00   32.99    0.00    0.00    0.00    0.00    0.00    0.00   24.74
10:21:40 AM    5   37.00    0.00   39.00    0.00    0.00    0.00    0.00    0.00    0.00   24.00
10:21:40 AM    6   42.00    0.00   32.00    0.00    0.00    0.00    0.00    0.00    0.00   26.00
10:21:40 AM    7   44.79    0.00   28.12    0.00    0.00    0.00    0.00    0.00    0.00   27.08

10:21:40 AM  CPU    %usr   %nice    %sys %iowait    %irq   %soft  %steal  %guest  %gnice   %idle
10:21:41 AM  all   28.07    0.00   19.28    0.00    0.00    9.83    0.00    0.00    0.00   42.82
10:21:41 AM    0    4.08    0.00    2.04    0.00    0.00   77.55    0.00    0.00    0.00   16.33
10:21:41 AM    1   28.12    0.00   13.54    0.00    0.00    0.00    0.00    0.00    0.00   58.33
10:21:41 AM    2   23.71    0.00   13.40    0.00    0.00    0.00    0.00    0.00    0.00   62.89
10:21:41 AM    3   26.80    0.00    9.28    0.00    0.00    0.00    0.00    0.00    0.00   63.92
10:21:41 AM    4   35.79    0.00   26.32    0.00    0.00    0.00    0.00    0.00    0.00   37.89
10:21:41 AM    5   36.17    0.00   28.72    0.00    0.00    0.00    0.00    0.00    0.00   35.11
10:21:41 AM    6   38.78    0.00   28.57    0.00    0.00    0.00    0.00    0.00    0.00   32.65
10:21:41 AM    7   31.63    0.00   32.65    0.00    0.00    0.00    0.00    0.00    0.00   35.71

10:21:41 AM  CPU    %usr   %nice    %sys %iowait    %irq   %soft  %steal  %guest  %gnice   %idle
10:21:42 AM  all   26.76    0.00   18.28    0.00    0.00    9.53    0.00    0.00    0.00   45.43
10:21:42 AM    0    2.06    0.00    3.09    0.00    0.00   75.26    0.00    0.00    0.00   19.59
10:21:42 AM    1   22.34    0.00    9.57    0.00    0.00    0.00    0.00    0.00    0.00   68.09
10:21:42 AM    2   23.40    0.00   10.64    0.00    0.00    0.00    0.00    0.00    0.00   65.96
10:21:42 AM    3   27.55    0.00   17.35    0.00    0.00    0.00    0.00    0.00    0.00   55.10
10:21:42 AM    4   35.42    0.00   27.08    0.00    0.00    0.00    0.00    0.00    0.00   37.50
10:21:42 AM    5   37.37    0.00   28.28    0.00    0.00    0.00    0.00    0.00    0.00   34.34
10:21:42 AM    6   32.29    0.00   28.12    0.00    0.00    0.00    0.00    0.00    0.00   39.58
10:21:42 AM    7   33.70    0.00   21.74    0.00    0.00    0.00    0.00    0.00    0.00   44.57

10:21:42 AM  CPU    %usr   %nice    %sys %iowait    %irq   %soft  %steal  %guest  %gnice   %idle
10:21:43 AM  all   27.97    0.00   18.52    0.00    0.00    9.45    0.00    0.00    0.00   44.06
10:21:43 AM    0    4.90    0.00    3.92    0.00    0.00   72.55    0.00    0.00    0.00   18.63
10:21:43 AM    1   20.41    0.00   15.31    0.00    0.00    0.00    0.00    0.00    0.00   64.29
10:21:43 AM    2   26.80    0.00   11.34    0.00    0.00    0.00    0.00    0.00    0.00   61.86
10:21:43 AM    3   30.93    0.00   14.43    0.00    0.00    0.00    0.00    0.00    0.00   54.64
10:21:43 AM    4   32.00    0.00   29.00    0.00    0.00    0.00    0.00    0.00    0.00   39.00
10:21:43 AM    5   34.78    0.00   23.91    0.00    0.00    0.00    0.00    0.00    0.00   41.30
10:21:43 AM    6   35.71    0.00   27.55    0.00    0.00    0.00    0.00    0.00    0.00   36.73
10:21:43 AM    7   39.39    0.00   23.23    0.00    0.00    0.00    0.00    0.00    0.00   37.37

10:21:43 AM  CPU    %usr   %nice    %sys %iowait    %irq   %soft  %steal  %guest  %gnice   %idle
10:21:44 AM  all   27.56    0.00   19.23    0.00    0.00    9.87    0.00    0.00    0.00   43.33
10:21:44 AM    0    3.06    0.00    3.06    0.00    0.00   78.57    0.00    0.00    0.00   15.31
10:21:44 AM    1   26.53    0.00   16.33    0.00    0.00    0.00    0.00    0.00    0.00   57.14
10:21:44 AM    2   26.04    0.00   13.54    0.00    0.00    0.00    0.00    0.00    0.00   60.42
10:21:44 AM    3   38.14    0.00   14.43    0.00    0.00    0.00    0.00    0.00    0.00   47.42
10:21:44 AM    4   33.33    0.00   25.00    0.00    0.00    0.00    0.00    0.00    0.00   41.67
10:21:44 AM    5   32.32    0.00   28.28    0.00    0.00    0.00    0.00    0.00    0.00   39.39
10:21:44 AM    6   32.32    0.00   26.26    0.00    0.00    0.00    0.00    0.00    0.00   41.41
10:21:44 AM    7   28.87    0.00   26.80    0.00    0.00    0.00    0.00    0.00    0.00   44.33

10:21:44 AM  CPU    %usr   %nice    %sys %iowait    %irq   %soft  %steal  %guest  %gnice   %idle
10:21:45 AM  all   26.46    0.00   20.23    0.00    0.00    9.03    0.00    0.00    0.00   44.27
10:21:45 AM    0    3.12    0.00    3.12    0.00    0.00   73.96    0.00    0.00    0.00   19.79
10:21:45 AM    1   19.39    0.00   13.27    0.00    0.00    0.00    0.00    0.00    0.00   67.35
10:21:45 AM    2   19.00    0.00   16.00    0.00    0.00    0.00    0.00    0.00    0.00   65.00
10:21:45 AM    3   21.65    0.00   10.31    0.00    0.00    0.00    0.00    0.00    0.00   68.04
10:21:45 AM    4   35.35    0.00   32.32    0.00    0.00    0.00    0.00    0.00    0.00   32.32
10:21:45 AM    5   40.40    0.00   24.24    0.00    0.00    0.00    0.00    0.00    0.00   35.35
10:21:45 AM    6   36.08    0.00   30.93    0.00    0.00    0.00    0.00    0.00    0.00   32.99
10:21:45 AM    7   36.00    0.00   31.00    0.00    0.00    0.00    0.00    0.00    0.00   33.00

10:21:45 AM  CPU    %usr   %nice    %sys %iowait    %irq   %soft  %steal  %guest  %gnice   %idle
10:21:46 AM  all   26.86    0.00   17.99    0.00    0.00    9.90    0.00    0.00    0.00   45.24
10:21:46 AM    0    3.96    0.00    1.98    0.00    0.00   76.24    0.00    0.00    0.00   17.82
10:21:46 AM    1   31.63    0.00   14.29    0.00    0.00    0.00    0.00    0.00    0.00   54.08
10:21:46 AM    2   27.55    0.00   19.39    0.00    0.00    0.00    0.00    0.00    0.00   53.06
10:21:46 AM    3   30.93    0.00   17.53    0.00    0.00    0.00    0.00    0.00    0.00   51.55
10:21:46 AM    4   29.29    0.00   26.26    0.00    0.00    0.00    0.00    0.00    0.00   44.44
10:21:46 AM    5   30.53    0.00   24.21    0.00    0.00    0.00    0.00    0.00    0.00   45.26
10:21:46 AM    6   31.63    0.00   23.47    0.00    0.00    0.00    0.00    0.00    0.00   44.90
10:21:46 AM    7   30.43    0.00   17.39    0.00    0.00    0.00    0.00    0.00    0.00   52.17

10:21:46 AM  CPU    %usr   %nice    %sys %iowait    %irq   %soft  %steal  %guest  %gnice   %idle
10:21:47 AM  all   27.54    0.00   20.21    0.00    0.00    9.52    0.00    0.00    0.00   42.73
10:21:47 AM    0    2.02    0.00    4.04    0.00    0.00   74.75    0.00    0.00    0.00   19.19
10:21:47 AM    1   22.68    0.00   14.43    0.00    0.00    0.00    0.00    0.00    0.00   62.89
10:21:47 AM    2   17.17    0.00   11.11    0.00    0.00    0.00    0.00    0.00    0.00   71.72
10:21:47 AM    3   19.79    0.00    9.38    0.00    0.00    0.00    0.00    0.00    0.00   70.83
10:21:47 AM    4   38.95    0.00   31.58    0.00    0.00    0.00    0.00    0.00    0.00   29.47
10:21:47 AM    5   42.71    0.00   31.25    0.00    0.00    0.00    0.00    0.00    0.00   26.04
10:21:47 AM    6   37.37    0.00   31.31    0.00    0.00    0.00    0.00    0.00    0.00   31.31
10:21:47 AM    7   40.62    0.00   29.17    0.00    0.00    0.00    0.00    0.00    0.00   30.21

10:21:47 AM  CPU    %usr   %nice    %sys %iowait    %irq   %soft  %steal  %guest  %gnice   %idle
10:21:48 AM  all   27.53    0.00   19.61    0.00    0.00    9.74    0.00    0.00    0.00   43.12
10:21:48 AM    0    1.98    0.00    4.95    0.00    0.00   74.26    0.00    0.00    0.00   18.81
10:21:48 AM    1   23.66    0.00   10.75    0.00    0.00    0.00    0.00    0.00    0.00   65.59
10:21:48 AM    2   16.67    0.00    9.38    0.00    0.00    0.00    0.00    0.00    0.00   73.96
10:21:48 AM    3   25.77    0.00   10.31    0.00    0.00    0.00    0.00    0.00    0.00   63.92
10:21:48 AM    4   39.36    0.00   31.91    0.00    0.00    0.00    0.00    0.00    0.00   28.72
10:21:48 AM    5   40.43    0.00   28.72    0.00    0.00    0.00    0.00    0.00    0.00   30.85
10:21:48 AM    6   35.35    0.00   32.32    0.00    0.00    0.00    0.00    0.00    0.00   32.32
10:21:48 AM    7   38.54    0.00   29.17    0.00    0.00    0.00    0.00    0.00    0.00   32.29

10:21:48 AM  CPU    %usr   %nice    %sys %iowait    %irq   %soft  %steal  %guest  %gnice   %idle
10:21:49 AM  all   28.79    0.00   18.68    0.00    0.00   10.12    0.00    0.00    0.00   42.41
10:21:49 AM    0    2.02    0.00    2.02    0.00    0.00   78.79    0.00    0.00    0.00   17.17
10:21:49 AM    1   27.66    0.00   10.64    0.00    0.00    0.00    0.00    0.00    0.00   61.70
10:21:49 AM    2   28.57    0.00   11.22    0.00    0.00    0.00    0.00    0.00    0.00   60.20
10:21:49 AM    3   30.93    0.00    8.25    0.00    0.00    0.00    0.00    0.00    0.00   60.82
10:21:49 AM    4   34.74    0.00   25.26    0.00    0.00    0.00    0.00    0.00    0.00   40.00
10:21:49 AM    5   42.42    0.00   28.28    0.00    0.00    0.00    0.00    0.00    0.00   29.29
10:21:49 AM    6   30.77    0.00   31.87    0.00    0.00    0.00    0.00    0.00    0.00   37.36
10:21:49 AM    7   33.67    0.00   32.65    0.00    0.00    0.00    0.00    0.00    0.00   33.67

10:21:49 AM  CPU    %usr   %nice    %sys %iowait    %irq   %soft  %steal  %guest  %gnice   %idle
10:21:50 AM  all   29.05    0.00   18.94    0.00    0.00    9.21    0.00    0.00    0.00   42.80
10:21:50 AM    0    6.12    0.00    4.08    0.00    0.00   72.45    0.00    0.00    0.00   17.35
10:21:50 AM    1   23.96    0.00    9.38    0.00    0.00    0.00    0.00    0.00    0.00   66.67
10:21:50 AM    2   20.20    0.00    9.09    0.00    0.00    0.00    0.00    0.00    0.00   70.71
10:21:50 AM    3   26.32    0.00    8.42    0.00    0.00    0.00    0.00    0.00    0.00   65.26
10:21:50 AM    4   43.16    0.00   28.42    0.00    0.00    0.00    0.00    0.00    0.00   28.42
10:21:50 AM    5   40.62    0.00   30.21    0.00    0.00    0.00    0.00    0.00    0.00   29.17
10:21:50 AM    6   37.76    0.00   29.59    0.00    0.00    0.00    0.00    0.00    0.00   32.65
10:21:50 AM    7   35.11    0.00   32.98    0.00    0.00    0.00    0.00    0.00    0.00   31.91

10:21:50 AM  CPU    %usr   %nice    %sys %iowait    %irq   %soft  %steal  %guest  %gnice   %idle
10:21:51 AM  all   25.55    0.00   18.68    0.00    0.00    9.34    0.00    0.00    0.00   46.43
10:21:51 AM    0    2.02    0.00    3.03    0.00    0.00   72.73    0.00    0.00    0.00   22.22
10:21:51 AM    1   24.74    0.00    8.25    0.00    0.00    0.00    0.00    0.00    0.00   67.01
10:21:51 AM    2   22.22    0.00   13.13    0.00    0.00    0.00    0.00    0.00    0.00   64.65
10:21:51 AM    3   18.75    0.00    9.38    0.00    0.00    0.00    0.00    0.00    0.00   71.88
10:21:51 AM    4   39.36    0.00   25.53    0.00    0.00    0.00    0.00    0.00    0.00   35.11
10:21:51 AM    5   31.91    0.00   29.79    0.00    0.00    0.00    0.00    0.00    0.00   38.30
10:21:51 AM    6   32.98    0.00   29.79    0.00    0.00    0.00    0.00    0.00    0.00   37.23
10:21:51 AM    7   33.67    0.00   31.63    0.00    0.00    0.00    0.00    0.00    0.00   34.69

10:21:51 AM  CPU    %usr   %nice    %sys %iowait    %irq   %soft  %steal  %guest  %gnice   %idle
10:21:52 AM  all   31.05    0.00   19.66    0.00    0.00    9.96    0.00    0.00    0.00   39.33
10:21:52 AM    0    3.03    0.00    3.03    0.00    0.00   77.78    0.00    0.00    0.00   16.16
10:21:52 AM    1   18.75    0.00   12.50    0.00    0.00    0.00    0.00    0.00    0.00   68.75
10:21:52 AM    2   28.42    0.00   10.53    0.00    0.00    0.00    0.00    0.00    0.00   61.05
10:21:52 AM    3   32.29    0.00   11.46    0.00    0.00    0.00    0.00    0.00    0.00   56.25
10:21:52 AM    4   39.58    0.00   29.17    0.00    0.00    0.00    0.00    0.00    0.00   31.25
10:21:52 AM    5   43.43    0.00   32.32    0.00    0.00    0.00    0.00    0.00    0.00   24.24
10:21:52 AM    6   41.41    0.00   28.28    0.00    0.00    0.00    0.00    0.00    0.00   30.30
10:21:52 AM    7   41.94    0.00   30.11    0.00    0.00    0.00    0.00    0.00    0.00   27.96

10:21:52 AM  CPU    %usr   %nice    %sys %iowait    %irq   %soft  %steal  %guest  %gnice   %idle
10:21:53 AM  all   24.42    0.00   16.15    0.00    0.00    8.66    0.00    0.00    0.00   50.78
10:21:53 AM    0    7.29    0.00    3.12    0.00    0.00   69.79    0.00    0.00    0.00   19.79
10:21:53 AM    1   31.25    0.00   12.50    0.00    0.00    0.00    0.00    0.00    0.00   56.25
10:21:53 AM    2   30.93    0.00   13.40    0.00    0.00    0.00    0.00    0.00    0.00   55.67
10:21:53 AM    3   25.51    0.00   15.31    0.00    0.00    0.00    0.00    0.00    0.00   59.18
10:21:53 AM    4   24.24    0.00   25.25    0.00    0.00    0.00    0.00    0.00    0.00   50.51
10:21:53 AM    5   25.00    0.00   22.92    0.00    0.00    0.00    0.00    0.00    0.00   52.08
10:21:53 AM    6   25.77    0.00   17.53    0.00    0.00    0.00    0.00    0.00    0.00   56.70
10:21:53 AM    7   25.26    0.00   18.95    0.00    0.00    0.00    0.00    0.00    0.00   55.79

10:21:53 AM  CPU    %usr   %nice    %sys %iowait    %irq   %soft  %steal  %guest  %gnice   %idle
10:21:54 AM  all   26.85    0.00   17.51    0.00    0.00    9.73    0.00    0.00    0.00   45.91
10:21:54 AM    0    5.10    0.00    1.02    0.00    0.00   76.53    0.00    0.00    0.00   17.35
10:21:54 AM    1   26.53    0.00   17.35    0.00    0.00    0.00    0.00    0.00    0.00   56.12
10:21:54 AM    2   25.25    0.00   15.15    0.00    0.00    0.00    0.00    0.00    0.00   59.60
10:21:54 AM    3   31.91    0.00   13.83    0.00    0.00    0.00    0.00    0.00    0.00   54.26
10:21:54 AM    4   31.18    0.00   21.51    0.00    0.00    0.00    0.00    0.00    0.00   47.31
10:21:54 AM    5   33.33    0.00   22.58    0.00    0.00    0.00    0.00    0.00    0.00   44.09
10:21:54 AM    6   32.65    0.00   24.49    0.00    0.00    0.00    0.00    0.00    0.00   42.86
10:21:54 AM    7   29.59    0.00   24.49    0.00    0.00    0.00    0.00    0.00    0.00   45.92

10:21:54 AM  CPU    %usr   %nice    %sys %iowait    %irq   %soft  %steal  %guest  %gnice   %idle
10:21:55 AM  all   27.84    0.00   20.18    0.00    0.00    9.07    0.00    0.00    0.00   42.91
10:21:55 AM    0    8.00    0.00    5.00    0.00    0.00   71.00    0.00    0.00    0.00   16.00
10:21:55 AM    1   28.71    0.00   13.86    0.00    0.00    0.00    0.00    0.00    0.00   57.43
10:21:55 AM    2   22.92    0.00    6.25    0.00    0.00    0.00    0.00    0.00    0.00   70.83
10:21:55 AM    3   23.23    0.00    9.09    0.00    0.00    0.00    0.00    0.00    0.00   67.68
10:21:55 AM    4   38.14    0.00   28.87    0.00    0.00    0.00    0.00    0.00    0.00   32.99
10:21:55 AM    5   34.38    0.00   33.33    0.00    0.00    0.00    0.00    0.00    0.00   32.29
10:21:55 AM    6   34.02    0.00   31.96    0.00    0.00    0.00    0.00    0.00    0.00   34.02
10:21:55 AM    7   34.02    0.00   34.02    0.00    0.00    0.00    0.00    0.00    0.00   31.96

10:21:55 AM  CPU    %usr   %nice    %sys %iowait    %irq   %soft  %steal  %guest  %gnice   %idle
10:21:56 AM  all   22.64    0.00   15.91    0.00    0.00    8.41    0.00    0.00    0.00   53.04
10:21:56 AM    0    6.32    0.00    3.16    0.00    0.00   67.37    0.00    0.00    0.00   23.16
10:21:56 AM    1   24.74    0.00   12.37    0.00    0.00    0.00    0.00    0.00    0.00   62.89
10:21:56 AM    2   18.75    0.00   14.58    0.00    0.00    0.00    0.00    0.00    0.00   66.67
10:21:56 AM    3   24.74    0.00   10.31    0.00    0.00    1.03    0.00    0.00    0.00   63.92
10:21:56 AM    4   24.49    0.00   25.51    0.00    0.00    0.00    0.00    0.00    0.00   50.00
10:21:56 AM    5   29.90    0.00   19.59    0.00    0.00    0.00    0.00    0.00    0.00   50.52
10:21:56 AM    6   28.72    0.00   18.09    0.00    0.00    0.00    0.00    0.00    0.00   53.19
10:21:56 AM    7   23.23    0.00   23.23    0.00    0.00    0.00    0.00    0.00    0.00   53.54

10:21:56 AM  CPU    %usr   %nice    %sys %iowait    %irq   %soft  %steal  %guest  %gnice   %idle
10:21:57 AM  all   27.25    0.00   19.52    0.00    0.00    9.51    0.00    0.00    0.00   43.73
10:21:57 AM    0    3.00    0.00    3.00    0.00    0.00   75.00    0.00    0.00    0.00   19.00
10:21:57 AM    1   22.45    0.00   16.33    0.00    0.00    0.00    0.00    0.00    0.00   61.22
10:21:57 AM    2   26.26    0.00   12.12    0.00    0.00    0.00    0.00    0.00    0.00   61.62
10:21:57 AM    3   28.12    0.00   11.46    0.00    0.00    0.00    0.00    0.00    0.00   60.42
10:21:57 AM    4   36.36    0.00   29.29    0.00    0.00    0.00    0.00    0.00    0.00   34.34
10:21:57 AM    5   34.34    0.00   29.29    0.00    0.00    0.00    0.00    0.00    0.00   36.36
10:21:57 AM    6   32.32    0.00   29.29    0.00    0.00    0.00    0.00    0.00    0.00   38.38
10:21:57 AM    7   35.35    0.00   25.25    0.00    0.00    0.00    0.00    0.00    0.00   39.39

10:21:57 AM  CPU    %usr   %nice    %sys %iowait    %irq   %soft  %steal  %guest  %gnice   %idle
10:21:58 AM  all   28.11    0.00   19.56    0.00    0.00    9.97    0.00    0.00    0.00   42.36
10:21:58 AM    0    4.00    0.00    2.00    0.00    0.00   77.00    0.00    0.00    0.00   17.00
10:21:58 AM    1   22.34    0.00   11.70    0.00    0.00    0.00    0.00    0.00    0.00   65.96
10:21:58 AM    2   21.21    0.00   16.16    0.00    0.00    0.00    0.00    0.00    0.00   62.63
10:21:58 AM    3   24.49    0.00   14.29    0.00    0.00    0.00    0.00    0.00    0.00   61.22
10:21:58 AM    4   37.89    0.00   28.42    0.00    0.00    0.00    0.00    0.00    0.00   33.68
10:21:58 AM    5   40.62    0.00   28.12    0.00    0.00    0.00    0.00    0.00    0.00   31.25
10:21:58 AM    6   40.00    0.00   24.21    0.00    0.00    0.00    0.00    0.00    0.00   35.79
10:21:58 AM    7   35.79    0.00   32.63    0.00    0.00    0.00    0.00    0.00    0.00   31.58

10:21:58 AM  CPU    %usr   %nice    %sys %iowait    %irq   %soft  %steal  %guest  %gnice   %idle
10:21:59 AM  all   26.10    0.00   18.22    0.00    0.00    8.79    0.00    0.00    0.00   46.90
10:21:59 AM    0    3.09    0.00    3.09    0.00    0.00   70.10    0.00    0.00    0.00   23.71
10:21:59 AM    1   18.56    0.00   10.31    0.00    0.00    0.00    0.00    0.00    0.00   71.13
10:21:59 AM    2   19.79    0.00    8.33    0.00    0.00    0.00    0.00    0.00    0.00   71.88
10:21:59 AM    3   21.43    0.00   11.22    0.00    0.00    0.00    0.00    0.00    0.00   67.35
10:21:59 AM    4   40.00    0.00   27.37    0.00    0.00    0.00    0.00    0.00    0.00   32.63
10:21:59 AM    5   31.58    0.00   32.63    0.00    0.00    0.00    0.00    0.00    0.00   35.79
10:21:59 AM    6   35.71    0.00   27.55    0.00    0.00    0.00    0.00    0.00    0.00   36.73
10:21:59 AM    7   38.78    0.00   25.51    0.00    0.00    0.00    0.00    0.00    0.00   35.71

10:21:59 AM  CPU    %usr   %nice    %sys %iowait    %irq   %soft  %steal  %guest  %gnice   %idle
10:22:00 AM  all   26.16    0.00   19.07    0.00    0.00    9.15    0.00    0.00    0.00   45.62
10:22:00 AM    0    3.06    0.00    3.06    0.00    0.00   72.45    0.00    0.00    0.00   21.43
10:22:00 AM    1   24.74    0.00   10.31    0.00    0.00    0.00    0.00    0.00    0.00   64.95
10:22:00 AM    2   19.39    0.00   11.22    0.00    0.00    0.00    0.00    0.00    0.00   69.39
10:22:00 AM    3   22.92    0.00   11.46    0.00    0.00    0.00    0.00    0.00    0.00   65.62
10:22:00 AM    4   35.71    0.00   32.65    0.00    0.00    0.00    0.00    0.00    0.00   31.63
10:22:00 AM    5   32.65    0.00   29.59    0.00    0.00    0.00    0.00    0.00    0.00   37.76
10:22:00 AM    6   34.38    0.00   27.08    0.00    0.00    0.00    0.00    0.00    0.00   38.54
10:22:00 AM    7   36.84    0.00   27.37    0.00    0.00    0.00    0.00    0.00    0.00   35.79

10:22:00 AM  CPU    %usr   %nice    %sys %iowait    %irq   %soft  %steal  %guest  %gnice   %idle
10:22:01 AM  all   27.24    0.00   18.81    0.00    0.00    8.95    0.00    0.00    0.00   45.01
10:22:01 AM    0    3.09    0.00    4.12    0.00    0.00   71.13    0.00    0.00    0.00   21.65
10:22:01 AM    1   22.11    0.00    9.47    0.00    0.00    0.00    0.00    0.00    0.00   68.42
10:22:01 AM    2   19.59    0.00   11.34    0.00    0.00    0.00    0.00    0.00    0.00   69.07
10:22:01 AM    3   18.37    0.00    7.14    0.00    0.00    0.00    0.00    0.00    0.00   74.49
10:22:01 AM    4   39.18    0.00   29.90    0.00    0.00    0.00    0.00    0.00    0.00   30.93
10:22:01 AM    5   40.43    0.00   29.79    0.00    0.00    0.00    0.00    0.00    0.00   29.79
10:22:01 AM    6   38.54    0.00   26.04    0.00    0.00    0.00    0.00    0.00    0.00   35.42
10:22:01 AM    7   37.11    0.00   32.99    0.00    0.00    0.00    0.00    0.00    0.00   29.90

10:22:01 AM  CPU    %usr   %nice    %sys %iowait    %irq   %soft  %steal  %guest  %gnice   %idle
10:22:02 AM  all   24.23    0.00   17.14    0.00    0.00    9.28    0.00    0.00    0.00   49.36
10:22:02 AM    0    2.02    0.00    3.03    0.00    0.00   72.73    0.00    0.00    0.00   22.22
10:22:02 AM    1   24.24    0.00   14.14    0.00    0.00    0.00    0.00    0.00    0.00   61.62
10:22:02 AM    2   26.32    0.00   15.79    0.00    0.00    0.00    0.00    0.00    0.00   57.89
10:22:02 AM    3   22.45    0.00   13.27    0.00    0.00    0.00    0.00    0.00    0.00   64.29
10:22:02 AM    4   27.17    0.00   23.91    0.00    0.00    0.00    0.00    0.00    0.00   48.91
10:22:02 AM    5   30.61    0.00   24.49    0.00    0.00    0.00    0.00    0.00    0.00   44.90
10:22:02 AM    6   29.90    0.00   20.62    0.00    0.00    0.00    0.00    0.00    0.00   49.48
10:22:02 AM    7   31.63    0.00   22.45    0.00    0.00    0.00    0.00    0.00    0.00   45.92

10:22:02 AM  CPU    %usr   %nice    %sys %iowait    %irq   %soft  %steal  %guest  %gnice   %idle
10:22:03 AM  all   30.35    0.00   22.15    0.00    0.00    9.60    0.00    0.00    0.00   37.90
10:22:03 AM    0    3.06    0.00    3.06    0.00    0.00   76.53    0.00    0.00    0.00   17.35
10:22:03 AM    1   22.68    0.00   10.31    0.00    0.00    0.00    0.00    0.00    0.00   67.01
10:22:03 AM    2   18.75    0.00    8.33    0.00    0.00    0.00    0.00    0.00    0.00   72.92
10:22:03 AM    3   20.00    0.00   10.00    0.00    0.00    0.00    0.00    0.00    0.00   70.00
10:22:03 AM    4   50.52    0.00   30.93    0.00    0.00    0.00    0.00    0.00    0.00   18.56
10:22:03 AM    5   41.67    0.00   40.62    0.00    0.00    0.00    0.00    0.00    0.00   17.71
10:22:03 AM    6   40.21    0.00   39.18    0.00    0.00    0.00    0.00    0.00    0.00   20.62
10:22:03 AM    7   46.00    0.00   35.00    0.00    0.00    0.00    0.00    0.00    0.00   19.00

10:22:03 AM  CPU    %usr   %nice    %sys %iowait    %irq   %soft  %steal  %guest  %gnice   %idle
10:22:04 AM  all   29.72    0.00   19.90    0.00    0.00    9.69    0.00    0.00    0.00   40.70
10:22:04 AM    0    4.04    0.00    3.03    0.00    0.00   75.76    0.00    0.00    0.00   17.17
10:22:04 AM    1   20.41    0.00   13.27    0.00    0.00    0.00    0.00    0.00    0.00   66.33
10:22:04 AM    2   18.37    0.00    6.12    0.00    0.00    0.00    0.00    0.00    0.00   75.51
10:22:04 AM    3   28.87    0.00   10.31    0.00    0.00    0.00    0.00    0.00    0.00   60.82
10:22:04 AM    4   39.18    0.00   37.11    0.00    0.00    0.00    0.00    0.00    0.00   23.71
10:22:04 AM    5   40.82    0.00   32.65    0.00    0.00    0.00    0.00    0.00    0.00   26.53
10:22:04 AM    6   43.01    0.00   29.03    0.00    0.00    0.00    0.00    0.00    0.00   27.96
10:22:04 AM    7   44.68    0.00   28.72    0.00    0.00    0.00    0.00    0.00    0.00   26.60

10:22:04 AM  CPU    %usr   %nice    %sys %iowait    %irq   %soft  %steal  %guest  %gnice   %idle
10:22:05 AM  all   26.73    0.00   20.20    0.00    0.00    9.46    0.00    0.00    0.00   43.61
10:22:05 AM    0    2.00    0.00    5.00    0.00    0.00   74.00    0.00    0.00    0.00   19.00
10:22:05 AM    1   27.55    0.00   11.22    0.00    0.00    0.00    0.00    0.00    0.00   61.22
10:22:05 AM    2   21.88    0.00   12.50    0.00    0.00    0.00    0.00    0.00    0.00   65.62
10:22:05 AM    3   16.00    0.00   12.00    0.00    0.00    0.00    0.00    0.00    0.00   72.00
10:22:05 AM    4   36.84    0.00   30.53    0.00    0.00    0.00    0.00    0.00    0.00   32.63
10:22:05 AM    5   39.78    0.00   27.96    0.00    0.00    0.00    0.00    0.00    0.00   32.26
10:22:05 AM    6   38.38    0.00   31.31    0.00    0.00    0.00    0.00    0.00    0.00   30.30
10:22:05 AM    7   32.67    0.00   31.68    0.00    0.00    0.00    0.00    0.00    0.00   35.64

10:22:05 AM  CPU    %usr   %nice    %sys %iowait    %irq   %soft  %steal  %guest  %gnice   %idle
10:22:06 AM  all   27.63    0.00   17.77    0.00    0.00    9.60    0.00    0.00    0.00   45.01
10:22:06 AM    0    3.06    0.00    1.02    0.00    0.00   75.51    0.00    0.00    0.00   20.41
10:22:06 AM    1   25.00    0.00   11.46    0.00    0.00    0.00    0.00    0.00    0.00   63.54
10:22:06 AM    2   24.74    0.00   10.31    0.00    0.00    0.00    0.00    0.00    0.00   64.95
10:22:06 AM    3   26.32    0.00   10.53    0.00    0.00    0.00    0.00    0.00    0.00   63.16
10:22:06 AM    4   36.36    0.00   31.31    0.00    0.00    0.00    0.00    0.00    0.00   32.32
10:22:06 AM    5   34.02    0.00   28.87    0.00    0.00    0.00    0.00    0.00    0.00   37.11
10:22:06 AM    6   32.98    0.00   24.47    0.00    0.00    0.00    0.00    0.00    0.00   42.55
10:22:06 AM    7   38.95    0.00   24.21    0.00    0.00    0.00    0.00    0.00    0.00   36.84

10:22:06 AM  CPU    %usr   %nice    %sys %iowait    %irq   %soft  %steal  %guest  %gnice   %idle
10:22:07 AM  all   24.10    0.00   17.69    0.00    0.00    9.10    0.00    0.00    0.00   49.10
10:22:07 AM    0    3.00    0.00    4.00    0.00    0.00   71.00    0.00    0.00    0.00   22.00
10:22:07 AM    1   25.77    0.00   16.49    0.00    0.00    0.00    0.00    0.00    0.00   57.73
10:22:07 AM    2   29.17    0.00   12.50    0.00    0.00    0.00    0.00    0.00    0.00   58.33
10:22:07 AM    3   26.53    0.00   15.31    0.00    0.00    0.00    0.00    0.00    0.00   58.16
10:22:07 AM    4   28.87    0.00   21.65    0.00    0.00    0.00    0.00    0.00    0.00   49.48
10:22:07 AM    5   28.57    0.00   22.45    0.00    0.00    0.00    0.00    0.00    0.00   48.98
10:22:07 AM    6   25.00    0.00   23.96    0.00    0.00    0.00    0.00    0.00    0.00   51.04
10:22:07 AM    7   26.53    0.00   25.51    0.00    0.00    0.00    0.00    0.00    0.00   47.96

10:22:07 AM  CPU    %usr   %nice    %sys %iowait    %irq   %soft  %steal  %guest  %gnice   %idle
10:22:08 AM  all   28.39    0.00   18.97    0.00    0.00   10.32    0.00    0.00    0.00   42.32
10:22:08 AM    0    3.03    0.00    1.01    0.00    0.00   80.81    0.00    0.00    0.00   15.15
10:22:08 AM    1   32.65    0.00   17.35    0.00    0.00    0.00    0.00    0.00    0.00   50.00
10:22:08 AM    2   30.21    0.00   13.54    0.00    0.00    0.00    0.00    0.00    0.00   56.25
10:22:08 AM    3   37.11    0.00   14.43    0.00    0.00    0.00    0.00    0.00    0.00   48.45
10:22:08 AM    4   28.12    0.00   32.29    0.00    0.00    0.00    0.00    0.00    0.00   39.58
10:22:08 AM    5   33.67    0.00   25.51    0.00    0.00    0.00    0.00    0.00    0.00   40.82
10:22:08 AM    6   29.17    0.00   22.92    0.00    0.00    0.00    0.00    0.00    0.00   47.92
10:22:08 AM    7   33.68    0.00   25.26    0.00    0.00    0.00    0.00    0.00    0.00   41.05

10:22:08 AM  CPU    %usr   %nice    %sys %iowait    %irq   %soft  %steal  %guest  %gnice   %idle
10:22:09 AM  all   25.74    0.00   18.24    0.00    0.00    9.44    0.00    0.00    0.00   46.57
10:22:09 AM    0    5.10    0.00    2.04    0.00    0.00   74.49    0.00    0.00    0.00   18.37
10:22:09 AM    1   26.60    0.00   12.77    0.00    0.00    0.00    0.00    0.00    0.00   60.64
10:22:09 AM    2   26.80    0.00   12.37    0.00    0.00    0.00    0.00    0.00    0.00   60.82
10:22:09 AM    3   29.17    0.00   14.58    0.00    0.00    0.00    0.00    0.00    0.00   56.25
10:22:09 AM    4   30.61    0.00   27.55    0.00    0.00    0.00    0.00    0.00    0.00   41.84
10:22:09 AM    5   28.87    0.00   24.74    0.00    0.00    0.00    0.00    0.00    0.00   46.39
10:22:09 AM    6   27.37    0.00   28.42    0.00    0.00    0.00    0.00    0.00    0.00   44.21
10:22:09 AM    7   31.63    0.00   23.47    0.00    0.00    0.00    0.00    0.00    0.00   44.90

10:22:09 AM  CPU    %usr   %nice    %sys %iowait    %irq   %soft  %steal  %guest  %gnice   %idle
10:22:10 AM  all   28.41    0.00   19.24    0.00    0.00    9.43    0.00    0.00    0.00   42.93
10:22:10 AM    0    2.97    0.00    3.96    0.00    0.00   73.27    0.00    0.00    0.00   19.80
10:22:10 AM    1   26.04    0.00   11.46    0.00    0.00    0.00    0.00    0.00    0.00   62.50
10:22:10 AM    2   17.89    0.00   10.53    0.00    0.00    0.00    0.00    0.00    0.00   71.58
10:22:10 AM    3   19.39    0.00   13.27    0.00    0.00    0.00    0.00    0.00    0.00   67.35
10:22:10 AM    4   38.00    0.00   30.00    0.00    0.00    0.00    0.00    0.00    0.00   32.00
10:22:10 AM    5   41.84    0.00   26.53    0.00    0.00    0.00    0.00    0.00    0.00   31.63
10:22:10 AM    6   36.36    0.00   30.30    0.00    0.00    0.00    0.00    0.00    0.00   33.33
10:22:10 AM    7   44.90    0.00   27.55    0.00    0.00    0.00    0.00    0.00    0.00   27.55

Average:     CPU    %usr   %nice    %sys %iowait    %irq   %soft  %steal  %guest  %gnice   %idle
Average:     all   27.26    0.00   18.88    0.00    0.00    9.48    0.00    0.00    0.00   44.37
Average:       0    3.58    0.00    2.97    0.00    0.00   74.64    0.00    0.00    0.00   18.81
Average:       1   24.70    0.00   12.61    0.00    0.00    0.00    0.00    0.00    0.00   62.70
Average:       2   23.88    0.00   12.06    0.00    0.00    0.00    0.00    0.00    0.00   64.06
Average:       3   25.73    0.00   12.16    0.00    0.00    0.03    0.00    0.00    0.00   62.09
Average:       4   35.40    0.00   28.50    0.00    0.00    0.00    0.00    0.00    0.00   36.10
Average:       5   35.81    0.00   28.23    0.00    0.00    0.00    0.00    0.00    0.00   35.96
Average:       6   34.37    0.00   27.55    0.03    0.00    0.00    0.00    0.00    0.00   38.06
Average:       7   35.18    0.00   27.39    0.00    0.00    0.00    0.00    0.00    0.00   37.43
