Linux 6.1.141 (king) 	08/20/2026 	_aarch64_	(8 CPU)

01:20:38 PM  CPU    %usr   %nice    %sys %iowait    %irq   %soft  %steal  %guest  %gnice   %idle
01:20:39 PM  all   24.90    0.00   17.99    0.00    0.00    8.74    0.00    0.00    0.00   48.37
01:20:39 PM    0    9.38    0.00    9.38    0.00    0.00   54.17    0.00    0.00    0.00   27.08
01:20:39 PM    1   16.49    0.00   11.34    0.00    0.00    0.00    0.00    0.00    0.00   72.16
01:20:39 PM    2   20.41    0.00   10.20    0.00    0.00    8.16    0.00    0.00    0.00   61.22
01:20:39 PM    3    9.47    0.00    8.42    0.00    0.00    7.37    0.00    0.00    0.00   74.74
01:20:39 PM    4   38.14    0.00   29.90    0.00    0.00    0.00    0.00    0.00    0.00   31.96
01:20:39 PM    5   37.89    0.00   26.32    0.00    0.00    0.00    0.00    0.00    0.00   35.79
01:20:39 PM    6   35.48    0.00   24.73    0.00    0.00    0.00    0.00    0.00    0.00   39.78
01:20:39 PM    7   32.29    0.00   23.96    0.00    0.00    0.00    0.00    0.00    0.00   43.75

01:20:39 PM  CPU    %usr   %nice    %sys %iowait    %irq   %soft  %steal  %guest  %gnice   %idle
01:20:40 PM  all   24.65    0.00   18.84    0.00    0.00    8.77    0.00    0.00    0.00   47.74
01:20:40 PM    0    7.45    0.00    6.38    0.00    0.00   56.38    0.00    0.00    0.00   29.79
01:20:40 PM    1   16.49    0.00    9.28    0.00    0.00    0.00    0.00    0.00    0.00   74.23
01:20:40 PM    2   14.14    0.00    7.07    0.00    0.00    8.08    0.00    0.00    0.00   70.71
01:20:40 PM    3   14.43    0.00    6.19    0.00    0.00    7.22    0.00    0.00    0.00   72.16
01:20:40 PM    4   37.63    0.00   29.03    0.00    0.00    0.00    0.00    0.00    0.00   33.33
01:20:40 PM    5   38.78    0.00   30.61    0.00    0.00    0.00    0.00    0.00    0.00   30.61
01:20:40 PM    6   35.71    0.00   30.61    0.00    0.00    0.00    0.00    0.00    0.00   33.67
01:20:40 PM    7   32.32    0.00   31.31    0.00    0.00    0.00    0.00    0.00    0.00   36.36

01:20:40 PM  CPU    %usr   %nice    %sys %iowait    %irq   %soft  %steal  %guest  %gnice   %idle
01:20:41 PM  all   24.22    0.00   15.76    0.00    0.00    8.59    0.00    0.00    0.00   51.43
01:20:41 PM    0   13.83    0.00    8.51    0.00    0.00   51.06    0.00    0.00    0.00   26.60
01:20:41 PM    1   23.71    0.00   10.31    0.00    0.00    0.00    0.00    0.00    0.00   65.98
01:20:41 PM    2   21.88    0.00    8.33    0.00    0.00   10.42    0.00    0.00    0.00   59.38
01:20:41 PM    3   23.47    0.00   14.29    0.00    0.00    8.16    0.00    0.00    0.00   54.08
01:20:41 PM    4   27.37    0.00   25.26    0.00    0.00    0.00    0.00    0.00    0.00   47.37
01:20:41 PM    5   27.37    0.00   22.11    0.00    0.00    0.00    0.00    0.00    0.00   50.53
01:20:41 PM    6   27.55    0.00   22.45    0.00    0.00    0.00    0.00    0.00    0.00   50.00
01:20:41 PM    7   28.42    0.00   14.74    0.00    0.00    0.00    0.00    0.00    0.00   56.84

01:20:41 PM  CPU    %usr   %nice    %sys %iowait    %irq   %soft  %steal  %guest  %gnice   %idle
01:20:42 PM  all   23.99    0.00   17.47    0.13    0.00    9.39    0.00    0.00    0.00   49.02
01:20:42 PM    0    6.32    0.00    7.37    0.00    0.00   60.00    0.00    0.00    0.00   26.32
01:20:42 PM    1   22.55    0.00   13.73    0.98    0.00    0.00    0.00    0.00    0.00   62.75
01:20:42 PM    2   16.84    0.00    8.42    0.00    0.00    8.42    0.00    0.00    0.00   66.32
01:20:42 PM    3   20.83    0.00   11.46    0.00    0.00    7.29    0.00    0.00    0.00   60.42
01:20:42 PM    4   32.29    0.00   25.00    0.00    0.00    0.00    0.00    0.00    0.00   42.71
01:20:42 PM    5   33.33    0.00   26.04    0.00    0.00    0.00    0.00    0.00    0.00   40.62
01:20:42 PM    6   30.43    0.00   25.00    0.00    0.00    0.00    0.00    0.00    0.00   44.57
01:20:42 PM    7   29.47    0.00   23.16    0.00    0.00    0.00    0.00    0.00    0.00   47.37

01:20:42 PM  CPU    %usr   %nice    %sys %iowait    %irq   %soft  %steal  %guest  %gnice   %idle
01:20:43 PM  all   24.94    0.00   18.48    0.00    0.00    8.79    0.00    0.00    0.00   47.80
01:20:43 PM    0    6.32    0.00   14.74    0.00    0.00   54.74    0.00    0.00    0.00   24.21
01:20:43 PM    1   26.26    0.00   17.17    0.00    0.00    0.00    0.00    0.00    0.00   56.57
01:20:43 PM    2   25.77    0.00    8.25    0.00    0.00    9.28    0.00    0.00    0.00   56.70
01:20:43 PM    3   28.57    0.00    9.18    0.00    0.00    7.14    0.00    0.00    0.00   55.10
01:20:43 PM    4   26.73    0.00   29.70    0.00    0.00    0.00    0.00    0.00    0.00   43.56
01:20:43 PM    5   29.67    0.00   21.98    0.00    0.00    0.00    0.00    0.00    0.00   48.35
01:20:43 PM    6   26.32    0.00   26.32    0.00    0.00    0.00    0.00    0.00    0.00   47.37
01:20:43 PM    7   29.59    0.00   20.41    0.00    0.00    0.00    0.00    0.00    0.00   50.00

01:20:43 PM  CPU    %usr   %nice    %sys %iowait    %irq   %soft  %steal  %guest  %gnice   %idle
01:20:44 PM  all   26.72    0.00   19.97    0.00    0.00    9.16    0.00    0.00    0.00   44.15
01:20:44 PM    0   11.65    0.00    6.80    0.00    0.00   57.28    0.00    0.00    0.00   24.27
01:20:44 PM    1   17.82    0.00    9.90    0.00    0.00    0.00    0.00    0.00    0.00   72.28
01:20:44 PM    2   12.37    0.00    6.19    0.00    0.00    7.22    0.00    0.00    0.00   74.23
01:20:44 PM    3   12.12    0.00    7.07    0.00    0.00    6.06    0.00    0.00    0.00   74.75
01:20:44 PM    4   40.62    0.00   34.38    0.00    0.00    0.00    0.00    0.00    0.00   25.00
01:20:44 PM    5   45.36    0.00   28.87    0.00    0.00    0.00    0.00    0.00    0.00   25.77
01:20:44 PM    6   40.21    0.00   34.02    0.00    0.00    0.00    0.00    0.00    0.00   25.77
01:20:44 PM    7   35.42    0.00   34.38    0.00    0.00    0.00    0.00    0.00    0.00   30.21

01:20:44 PM  CPU    %usr   %nice    %sys %iowait    %irq   %soft  %steal  %guest  %gnice   %idle
01:20:45 PM  all   25.85    0.00   19.32    0.00    0.00    8.62    0.00    0.00    0.00   46.21
01:20:45 PM    0    9.28    0.00    7.22    0.00    0.00   56.70    0.00    0.00    0.00   26.80
01:20:45 PM    1   12.63    0.00    6.32    0.00    0.00    0.00    0.00    0.00    0.00   81.05
01:20:45 PM    2   15.46    0.00    8.25    0.00    0.00    7.22    0.00    0.00    0.00   69.07
01:20:45 PM    3   16.67    0.00    9.38    0.00    0.00    4.17    0.00    0.00    0.00   69.79
01:20:45 PM    4   42.11    0.00   29.47    0.00    0.00    0.00    0.00    0.00    0.00   28.42
01:20:45 PM    5   37.37    0.00   37.37    0.00    0.00    0.00    0.00    0.00    0.00   25.25
01:20:45 PM    6   40.86    0.00   25.81    0.00    0.00    0.00    0.00    0.00    0.00   33.33
01:20:45 PM    7   32.98    0.00   30.85    0.00    0.00    0.00    0.00    0.00    0.00   36.17

01:20:45 PM  CPU    %usr   %nice    %sys %iowait    %irq   %soft  %steal  %guest  %gnice   %idle
01:20:46 PM  all   26.24    0.00   18.28    0.00    0.00    8.49    0.00    0.00    0.00   47.00
01:20:46 PM    0    8.70    0.00   10.87    0.00    0.00   54.35    0.00    0.00    0.00   26.09
01:20:46 PM    1   12.63    0.00    8.42    0.00    0.00    0.00    0.00    0.00    0.00   78.95
01:20:46 PM    2   18.56    0.00    7.22    0.00    0.00    7.22    0.00    0.00    0.00   67.01
01:20:46 PM    3   19.39    0.00    7.14    0.00    0.00    8.16    0.00    0.00    0.00   65.31
01:20:46 PM    4   35.42    0.00   31.25    0.00    0.00    0.00    0.00    0.00    0.00   33.33
01:20:46 PM    5   41.05    0.00   26.32    0.00    0.00    0.00    0.00    0.00    0.00   32.63
01:20:46 PM    6   36.73    0.00   29.59    0.00    0.00    0.00    0.00    0.00    0.00   33.67
01:20:46 PM    7   36.84    0.00   25.26    0.00    0.00    0.00    0.00    0.00    0.00   37.89

01:20:46 PM  CPU    %usr   %nice    %sys %iowait    %irq   %soft  %steal  %guest  %gnice   %idle
01:20:47 PM  all   25.77    0.00   18.33    0.00    0.00    8.21    0.00    0.00    0.00   47.69
01:20:47 PM    0   11.34    0.00    8.25    0.00    0.00   53.61    0.00    0.00    0.00   26.80
01:20:47 PM    1   14.29    0.00   11.22    0.00    0.00    0.00    0.00    0.00    0.00   74.49
01:20:47 PM    2    9.09    0.00    9.09    0.00    0.00    7.07    0.00    0.00    0.00   74.75
01:20:47 PM    3   11.58    0.00    8.42    0.00    0.00    5.26    0.00    0.00    0.00   74.74
01:20:47 PM    4   39.39    0.00   29.29    0.00    0.00    0.00    0.00    0.00    0.00   31.31
01:20:47 PM    5   44.00    0.00   26.00    0.00    0.00    0.00    0.00    0.00    0.00   30.00
01:20:47 PM    6   36.56    0.00   26.88    0.00    0.00    0.00    0.00    0.00    0.00   36.56
01:20:47 PM    7   39.39    0.00   27.27    0.00    0.00    0.00    0.00    0.00    0.00   33.33

01:20:47 PM  CPU    %usr   %nice    %sys %iowait    %irq   %soft  %steal  %guest  %gnice   %idle
01:20:48 PM  all   27.15    0.00   18.15    0.00    0.00    8.88    0.00    0.00    0.00   45.82
01:20:48 PM    0    8.51    0.00    6.38    0.00    0.00   58.51    0.00    0.00    0.00   26.60
01:20:48 PM    1   22.92    0.00   12.50    0.00    0.00    0.00    0.00    0.00    0.00   64.58
01:20:48 PM    2   23.96    0.00   11.46    0.00    0.00    5.21    0.00    0.00    0.00   59.38
01:20:48 PM    3   23.96    0.00   11.46    0.00    0.00    8.33    0.00    0.00    0.00   56.25
01:20:48 PM    4   34.38    0.00   28.12    0.00    0.00    0.00    0.00    0.00    0.00   37.50
01:20:48 PM    5   39.80    0.00   22.45    0.00    0.00    0.00    0.00    0.00    0.00   37.76
01:20:48 PM    6   35.11    0.00   26.60    0.00    0.00    0.00    0.00    0.00    0.00   38.30
01:20:48 PM    7   28.12    0.00   26.04    0.00    0.00    0.00    0.00    0.00    0.00   45.83

01:20:48 PM  CPU    %usr   %nice    %sys %iowait    %irq   %soft  %steal  %guest  %gnice   %idle
01:20:49 PM  all   25.55    0.00   17.86    0.00    0.00    9.13    0.00    0.00    0.00   47.46
01:20:49 PM    0   11.46    0.00    7.29    0.00    0.00   56.25    0.00    0.00    0.00   25.00
01:20:49 PM    1   22.92    0.00    8.33    0.00    0.00    0.00    0.00    0.00    0.00   68.75
01:20:49 PM    2   20.83    0.00    8.33    0.00    0.00    7.29    0.00    0.00    0.00   63.54
01:20:49 PM    3   20.20    0.00    9.09    0.00    0.00    9.09    0.00    0.00    0.00   61.62
01:20:49 PM    4   36.84    0.00   26.32    0.00    0.00    0.00    0.00    0.00    0.00   36.84
01:20:49 PM    5   32.32    0.00   33.33    0.00    0.00    0.00    0.00    0.00    0.00   34.34
01:20:49 PM    6   29.47    0.00   28.42    0.00    0.00    0.00    0.00    0.00    0.00   42.11
01:20:49 PM    7   30.77    0.00   21.98    0.00    0.00    0.00    0.00    0.00    0.00   47.25

01:20:49 PM  CPU    %usr   %nice    %sys %iowait    %irq   %soft  %steal  %guest  %gnice   %idle
01:20:50 PM  all   26.73    0.00   17.65    0.00    0.00    9.21    0.00    0.00    0.00   46.42
01:20:50 PM    0    9.00    0.00    8.00    0.00    0.00   58.00    0.00    0.00    0.00   25.00
01:20:50 PM    1   23.47    0.00   16.33    0.00    0.00    0.00    0.00    0.00    0.00   60.20
01:20:50 PM    2   27.27    0.00   11.11    0.00    0.00    7.07    0.00    0.00    0.00   54.55
01:20:50 PM    3   22.92    0.00    9.38    0.00    0.00    7.29    0.00    0.00    0.00   60.42
01:20:50 PM    4   35.05    0.00   27.84    0.00    0.00    0.00    0.00    0.00    0.00   37.11
01:20:50 PM    5   30.53    0.00   22.11    0.00    0.00    0.00    0.00    0.00    0.00   47.37
01:20:50 PM    6   34.65    0.00   23.76    0.00    0.00    0.00    0.00    0.00    0.00   41.58
01:20:50 PM    7   31.25    0.00   22.92    0.00    0.00    0.00    0.00    0.00    0.00   45.83

01:20:50 PM  CPU    %usr   %nice    %sys %iowait    %irq   %soft  %steal  %guest  %gnice   %idle
01:20:51 PM  all   27.15    0.00   18.02    0.00    0.00    9.01    0.00    0.00    0.00   45.82
01:20:51 PM    0    6.19    0.00    6.19    0.00    0.00   59.79    0.00    0.00    0.00   27.84
01:20:51 PM    1   21.21    0.00    7.07    0.00    0.00    0.00    0.00    0.00    0.00   71.72
01:20:51 PM    2   12.37    0.00    7.22    0.00    0.00    5.15    0.00    0.00    0.00   75.26
01:20:51 PM    3   13.27    0.00    6.12    0.00    0.00    6.12    0.00    0.00    0.00   74.49
01:20:51 PM    4   40.22    0.00   31.52    0.00    0.00    0.00    0.00    0.00    0.00   28.26
01:20:51 PM    5   40.00    0.00   32.63    0.00    0.00    0.00    0.00    0.00    0.00   27.37
01:20:51 PM    6   42.39    0.00   29.35    0.00    0.00    0.00    0.00    0.00    0.00   28.26
01:20:51 PM    7   43.75    0.00   26.04    0.00    0.00    0.00    0.00    0.00    0.00   30.21

01:20:51 PM  CPU    %usr   %nice    %sys %iowait    %irq   %soft  %steal  %guest  %gnice   %idle
01:20:52 PM  all   26.22    0.00   17.22    0.00    0.00    9.25    0.00    0.00    0.00   47.30
01:20:52 PM    0    9.09    0.00    7.07    0.00    0.00   57.58    0.00    0.00    0.00   26.26
01:20:52 PM    1   22.45    0.00    8.16    0.00    0.00    0.00    0.00    0.00    0.00   69.39
01:20:52 PM    2   20.41    0.00    9.18    0.00    0.00    7.14    0.00    0.00    0.00   63.27
01:20:52 PM    3   24.74    0.00   13.40    0.00    0.00    8.25    0.00    0.00    0.00   53.61
01:20:52 PM    4   34.69    0.00   26.53    0.00    0.00    0.00    0.00    0.00    0.00   38.78
01:20:52 PM    5   34.74    0.00   25.26    0.00    0.00    0.00    0.00    0.00    0.00   40.00
01:20:52 PM    6   33.68    0.00   23.16    0.00    0.00    0.00    0.00    0.00    0.00   43.16
01:20:52 PM    7   30.61    0.00   25.51    0.00    0.00    0.00    0.00    0.00    0.00   43.88

01:20:52 PM  CPU    %usr   %nice    %sys %iowait    %irq   %soft  %steal  %guest  %gnice   %idle
01:20:53 PM  all   24.06    0.00   15.99    0.00    0.00    8.97    0.00    0.00    0.00   50.98
01:20:53 PM    0    7.37    0.00    7.37    0.00    0.00   55.79    0.00    0.00    0.00   29.47
01:20:53 PM    1   19.19    0.00   12.12    0.00    0.00    0.00    0.00    0.00    0.00   68.69
01:20:53 PM    2   23.40    0.00    7.45    0.00    0.00    8.51    0.00    0.00    0.00   60.64
01:20:53 PM    3   24.24    0.00   10.10    0.00    0.00    8.08    0.00    0.00    0.00   57.58
01:20:53 PM    4   34.38    0.00   23.96    0.00    0.00    0.00    0.00    0.00    0.00   41.67
01:20:53 PM    5   29.17    0.00   26.04    0.00    0.00    0.00    0.00    0.00    0.00   44.79
01:20:53 PM    6   25.26    0.00   21.05    0.00    0.00    0.00    0.00    0.00    0.00   53.68
01:20:53 PM    7   29.47    0.00   20.00    0.00    0.00    0.00    0.00    0.00    0.00   50.53

01:20:53 PM  CPU    %usr   %nice    %sys %iowait    %irq   %soft  %steal  %guest  %gnice   %idle
01:20:54 PM  all   26.17    0.00   17.84    0.00    0.00    9.38    0.00    0.00    0.00   46.61
01:20:54 PM    0    9.00    0.00    9.00    0.00    0.00   60.00    0.00    0.00    0.00   22.00
01:20:54 PM    1   19.59    0.00    9.28    0.00    0.00    0.00    0.00    0.00    0.00   71.13
01:20:54 PM    2   17.02    0.00   15.96    0.00    0.00    6.38    0.00    0.00    0.00   60.64
01:20:54 PM    3   26.32    0.00   10.53    0.00    0.00    6.32    0.00    0.00    0.00   56.84
01:20:54 PM    4   33.33    0.00   28.12    0.00    0.00    0.00    0.00    0.00    0.00   38.54
01:20:54 PM    5   34.74    0.00   25.26    0.00    0.00    0.00    0.00    0.00    0.00   40.00
01:20:54 PM    6   35.42    0.00   23.96    0.00    0.00    0.00    0.00    0.00    0.00   40.62
01:20:54 PM    7   34.74    0.00   21.05    0.00    0.00    0.00    0.00    0.00    0.00   44.21

01:20:54 PM  CPU    %usr   %nice    %sys %iowait    %irq   %soft  %steal  %guest  %gnice   %idle
01:20:55 PM  all   24.35    0.00   17.41    0.00    0.00    8.25    0.00    0.00    0.00   50.00
01:20:55 PM    0    7.87    0.00    6.74    0.00    0.00   53.93    0.00    0.00    0.00   31.46
01:20:55 PM    1   19.79    0.00   10.42    0.00    0.00    1.04    0.00    0.00    0.00   68.75
01:20:55 PM    2   21.88    0.00    8.33    0.00    0.00    7.29    0.00    0.00    0.00   62.50
01:20:55 PM    3   23.00    0.00   13.00    0.00    0.00    7.00    0.00    0.00    0.00   57.00
01:20:55 PM    4   32.29    0.00   26.04    0.00    0.00    0.00    0.00    0.00    0.00   41.67
01:20:55 PM    5   30.21    0.00   23.96    0.00    0.00    0.00    0.00    0.00    0.00   45.83
01:20:55 PM    6   27.08    0.00   26.04    0.00    0.00    0.00    0.00    0.00    0.00   46.88
01:20:55 PM    7   31.58    0.00   24.21    0.00    0.00    0.00    0.00    0.00    0.00   44.21

01:20:55 PM  CPU    %usr   %nice    %sys %iowait    %irq   %soft  %steal  %guest  %gnice   %idle
01:20:56 PM  all   27.12    0.00   17.73    0.00    0.00    8.60    0.00    0.00    0.00   46.54
01:20:56 PM    0    7.22    0.00    7.22    0.00    0.00   56.70    0.00    0.00    0.00   28.87
01:20:56 PM    1   19.00    0.00    9.00    0.00    0.00    0.00    0.00    0.00    0.00   72.00
01:20:56 PM    2   17.02    0.00    4.26    0.00    0.00    4.26    0.00    0.00    0.00   74.47
01:20:56 PM    3   13.40    0.00    4.12    0.00    0.00    7.22    0.00    0.00    0.00   75.26
01:20:56 PM    4   40.43    0.00   28.72    0.00    0.00    0.00    0.00    0.00    0.00   30.85
01:20:56 PM    5   41.67    0.00   31.25    0.00    0.00    0.00    0.00    0.00    0.00   27.08
01:20:56 PM    6   42.55    0.00   25.53    0.00    0.00    0.00    0.00    0.00    0.00   31.91
01:20:56 PM    7   36.84    0.00   32.63    0.00    0.00    0.00    0.00    0.00    0.00   30.53

01:20:56 PM  CPU    %usr   %nice    %sys %iowait    %irq   %soft  %steal  %guest  %gnice   %idle
01:20:57 PM  all   25.32    0.00   16.88    0.00    0.00    9.48    0.00    0.00    0.00   48.31
01:20:57 PM    0    9.09    0.00    7.07    0.00    0.00   57.58    0.00    0.00    0.00   26.26
01:20:57 PM    1   22.22    0.00   15.15    0.00    0.00    0.00    0.00    0.00    0.00   62.63
01:20:57 PM    2   25.00    0.00    9.38    0.00    0.00    7.29    0.00    0.00    0.00   58.33
01:20:57 PM    3   23.71    0.00   11.34    0.00    0.00    9.28    0.00    0.00    0.00   55.67
01:20:57 PM    4   31.18    0.00   23.66    0.00    0.00    0.00    0.00    0.00    0.00   45.16
01:20:57 PM    5   30.43    0.00   23.91    0.00    0.00    0.00    0.00    0.00    0.00   45.65
01:20:57 PM    6   32.65    0.00   23.47    0.00    0.00    0.00    0.00    0.00    0.00   43.88
01:20:57 PM    7   29.17    0.00   21.88    0.00    0.00    0.00    0.00    0.00    0.00   48.96

01:20:57 PM  CPU    %usr   %nice    %sys %iowait    %irq   %soft  %steal  %guest  %gnice   %idle
01:20:58 PM  all   24.80    0.00   16.84    0.00    0.00    8.49    0.00    0.00    0.00   49.87
01:20:58 PM    0    9.68    0.00    6.45    0.00    0.00   55.91    0.00    0.00    0.00   27.96
01:20:58 PM    1   19.59    0.00    8.25    0.00    0.00    0.00    0.00    0.00    0.00   72.16
01:20:58 PM    2   17.17    0.00    9.09    0.00    0.00    7.07    0.00    0.00    0.00   66.67
01:20:58 PM    3   16.49    0.00    6.19    0.00    0.00    6.19    0.00    0.00    0.00   71.13
01:20:58 PM    4   34.02    0.00   30.93    0.00    0.00    0.00    0.00    0.00    0.00   35.05
01:20:58 PM    5   32.29    0.00   26.04    0.00    0.00    0.00    0.00    0.00    0.00   41.67
01:20:58 PM    6   34.04    0.00   24.47    0.00    0.00    0.00    0.00    0.00    0.00   41.49
01:20:58 PM    7   35.48    0.00   23.66    0.00    0.00    0.00    0.00    0.00    0.00   40.86

01:20:58 PM  CPU    %usr   %nice    %sys %iowait    %irq   %soft  %steal  %guest  %gnice   %idle
01:20:59 PM  all   26.07    0.00   17.90    0.00    0.00    9.60    0.00    0.00    0.00   46.43
01:20:59 PM    0   10.00    0.00    5.00    0.00    0.00   62.00    0.00    0.00    0.00   23.00
01:20:59 PM    1   26.80    0.00   11.34    0.00    0.00    0.00    0.00    0.00    0.00   61.86
01:20:59 PM    2   25.77    0.00   15.46    0.00    0.00    7.22    0.00    0.00    0.00   51.55
01:20:59 PM    3   30.53    0.00   15.79    0.00    0.00    5.26    0.00    0.00    0.00   48.42
01:20:59 PM    4   26.88    0.00   29.03    0.00    0.00    0.00    0.00    0.00    0.00   44.09
01:20:59 PM    5   25.53    0.00   23.40    0.00    0.00    0.00    0.00    0.00    0.00   51.06
01:20:59 PM    6   28.57    0.00   24.49    0.00    0.00    0.00    0.00    0.00    0.00   46.94
01:20:59 PM    7   35.05    0.00   19.59    0.00    0.00    0.00    0.00    0.00    0.00   45.36

01:20:59 PM  CPU    %usr   %nice    %sys %iowait    %irq   %soft  %steal  %guest  %gnice   %idle
01:21:00 PM  all   31.85    0.00   24.02    0.00    0.00    9.14    0.00    0.00    0.00   34.99
01:21:00 PM    0   12.50    0.00   10.42    0.00    0.00   56.25    0.00    0.00    0.00   20.83
01:21:00 PM    1   28.26    0.00   13.04    0.00    0.00    0.00    0.00    0.00    0.00   58.70
01:21:00 PM    2   26.80    0.00   13.40    0.00    0.00    8.25    0.00    0.00    0.00   51.55
01:21:00 PM    3   26.32    0.00   15.79    0.00    0.00    7.37    0.00    0.00    0.00   50.53
01:21:00 PM    4   35.71    0.00   37.76    0.00    0.00    1.02    0.00    0.00    0.00   25.51
01:21:00 PM    5   38.78    0.00   38.78    0.00    0.00    0.00    0.00    0.00    0.00   22.45
01:21:00 PM    6   41.94    0.00   33.33    0.00    0.00    0.00    0.00    0.00    0.00   24.73
01:21:00 PM    7   44.33    0.00   28.87    0.00    0.00    0.00    0.00    0.00    0.00   26.80

01:21:00 PM  CPU    %usr   %nice    %sys %iowait    %irq   %soft  %steal  %guest  %gnice   %idle
01:21:01 PM  all   28.28    0.00   18.38    0.00    0.00    8.10    0.00    0.00    0.00   45.24
01:21:01 PM    0   16.49    0.00    7.22    0.00    0.00   51.55    0.00    0.00    0.00   24.74
01:21:01 PM    1   29.90    0.00   14.43    0.00    0.00    0.00    0.00    0.00    0.00   55.67
01:21:01 PM    2   23.96    0.00   12.50    0.00    0.00    7.29    0.00    0.00    0.00   56.25
01:21:01 PM    3   27.55    0.00   10.20    0.00    0.00    6.12    0.00    0.00    0.00   56.12
01:21:01 PM    4   36.84    0.00   26.32    0.00    0.00    0.00    0.00    0.00    0.00   36.84
01:21:01 PM    5   30.61    0.00   26.53    0.00    0.00    0.00    0.00    0.00    0.00   42.86
01:21:01 PM    6   29.59    0.00   23.47    0.00    0.00    0.00    0.00    0.00    0.00   46.94
01:21:01 PM    7   31.31    0.00   26.26    0.00    0.00    0.00    0.00    0.00    0.00   42.42

01:21:01 PM  CPU    %usr   %nice    %sys %iowait    %irq   %soft  %steal  %guest  %gnice   %idle
01:21:02 PM  all   20.84    0.00   13.81    0.00    0.00    8.18    0.00    0.00    0.00   57.16
01:21:02 PM    0   12.87    0.00    8.91    0.00    0.00   52.48    0.00    0.00    0.00   25.74
01:21:02 PM    1   25.00    0.00   12.00    0.00    0.00    0.00    0.00    0.00    0.00   63.00
01:21:02 PM    2   25.00    0.00   12.50    0.00    0.00    5.21    0.00    0.00    0.00   57.29
01:21:02 PM    3   25.00    0.00   15.62    0.00    0.00    6.25    0.00    0.00    0.00   53.12
01:21:02 PM    4   21.43    0.00   21.43    0.00    0.00    0.00    0.00    0.00    0.00   57.14
01:21:02 PM    5   19.79    0.00   14.58    0.00    0.00    0.00    0.00    0.00    0.00   65.62
01:21:02 PM    6   19.39    0.00   12.24    0.00    0.00    0.00    0.00    0.00    0.00   68.37
01:21:02 PM    7   18.56    0.00   13.40    0.00    0.00    0.00    0.00    0.00    0.00   68.04

01:21:02 PM  CPU    %usr   %nice    %sys %iowait    %irq   %soft  %steal  %guest  %gnice   %idle
01:21:03 PM  all   25.33    0.00   18.02    0.00    0.00    9.27    0.00    0.00    0.00   47.39
01:21:03 PM    0    9.68    0.00    7.53    0.00    0.00   56.99    0.00    0.00    0.00   25.81
01:21:03 PM    1   25.51    0.00   12.24    0.00    0.00    0.00    0.00    0.00    0.00   62.24
01:21:03 PM    2   23.71    0.00    8.25    0.00    0.00    9.28    0.00    0.00    0.00   58.76
01:21:03 PM    3   19.39    0.00   13.27    0.00    0.00    9.18    0.00    0.00    0.00   58.16
01:21:03 PM    4   32.61    0.00   29.35    0.00    0.00    0.00    0.00    0.00    0.00   38.04
01:21:03 PM    5   34.38    0.00   25.00    0.00    0.00    0.00    0.00    0.00    0.00   40.62
01:21:03 PM    6   29.17    0.00   23.96    0.00    0.00    0.00    0.00    0.00    0.00   46.88
01:21:03 PM    7   28.12    0.00   25.00    0.00    0.00    0.00    0.00    0.00    0.00   46.88

01:21:03 PM  CPU    %usr   %nice    %sys %iowait    %irq   %soft  %steal  %guest  %gnice   %idle
01:21:04 PM  all   29.47    0.00   19.05    0.00    0.00    9.52    0.00    0.00    0.00   41.96
01:21:04 PM    0   10.00    0.00    7.00    0.00    0.00   60.00    0.00    0.00    0.00   23.00
01:21:04 PM    1   20.83    0.00    9.38    0.00    0.00    0.00    0.00    0.00    0.00   69.79
01:21:04 PM    2   19.00    0.00    9.00    0.00    0.00    7.00    0.00    0.00    0.00   65.00
01:21:04 PM    3   12.12    0.00    5.05    0.00    0.00    7.07    0.00    0.00    0.00   75.76
01:21:04 PM    4   42.71    0.00   33.33    0.00    0.00    0.00    0.00    0.00    0.00   23.96
01:21:04 PM    5   43.30    0.00   31.96    0.00    0.00    0.00    0.00    0.00    0.00   24.74
01:21:04 PM    6   45.26    0.00   29.47    0.00    0.00    0.00    0.00    0.00    0.00   25.26
01:21:04 PM    7   44.68    0.00   28.72    0.00    0.00    0.00    0.00    0.00    0.00   26.60

01:21:04 PM  CPU    %usr   %nice    %sys %iowait    %irq   %soft  %steal  %guest  %gnice   %idle
01:21:05 PM  all   24.52    0.00   17.81    0.00    0.00    9.16    0.00    0.00    0.00   48.52
01:21:05 PM    0    9.18    0.00    9.18    0.00    0.00   55.10    0.00    0.00    0.00   26.53
01:21:05 PM    1   20.62    0.00    9.28    0.00    0.00    0.00    0.00    0.00    0.00   70.10
01:21:05 PM    2   20.41    0.00    9.18    0.00    0.00    9.18    0.00    0.00    0.00   61.22
01:21:05 PM    3   23.47    0.00    9.18    0.00    0.00    8.16    0.00    0.00    0.00   59.18
01:21:05 PM    4   30.11    0.00   25.81    0.00    0.00    0.00    0.00    0.00    0.00   44.09
01:21:05 PM    5   29.79    0.00   29.79    0.00    0.00    0.00    0.00    0.00    0.00   40.43
01:21:05 PM    6   29.90    0.00   27.84    0.00    0.00    0.00    0.00    0.00    0.00   42.27
01:21:05 PM    7   33.00    0.00   23.00    0.00    0.00    0.00    0.00    0.00    0.00   44.00

01:21:05 PM  CPU    %usr   %nice    %sys %iowait    %irq   %soft  %steal  %guest  %gnice   %idle
01:21:06 PM  all   23.41    0.00   14.82    0.00    0.00    8.58    0.00    0.00    0.00   53.19
01:21:06 PM    0   10.64    0.00    5.32    0.00    0.00   54.26    0.00    0.00    0.00   29.79
01:21:06 PM    1   25.77    0.00   11.34    0.00    0.00    0.00    0.00    0.00    0.00   62.89
01:21:06 PM    2   24.49    0.00   13.27    0.00    0.00    8.16    0.00    0.00    0.00   54.08
01:21:06 PM    3   25.77    0.00   13.40    0.00    0.00    7.22    0.00    0.00    0.00   53.61
01:21:06 PM    4   27.84    0.00   23.71    0.00    0.00    0.00    0.00    0.00    0.00   48.45
01:21:06 PM    5   24.49    0.00   19.39    0.00    0.00    0.00    0.00    0.00    0.00   56.12
01:21:06 PM    6   26.60    0.00   14.89    0.00    0.00    0.00    0.00    0.00    0.00   58.51
01:21:06 PM    7   21.28    0.00   17.02    0.00    0.00    0.00    0.00    0.00    0.00   61.70

01:21:06 PM  CPU    %usr   %nice    %sys %iowait    %irq   %soft  %steal  %guest  %gnice   %idle
01:21:07 PM  all   24.55    0.00   15.65    0.00    0.00    9.03    0.00    0.00    0.00   50.76
01:21:07 PM    0    9.80    0.00    8.82    0.00    0.00   55.88    0.00    0.00    0.00   25.49
01:21:07 PM    1   27.00    0.00   14.00    0.00    0.00    0.00    0.00    0.00    0.00   59.00
01:21:07 PM    2   27.84    0.00    8.25    0.00    0.00    7.22    0.00    0.00    0.00   56.70
01:21:07 PM    3   29.59    0.00   12.24    0.00    0.00    7.14    0.00    0.00    0.00   51.02
01:21:07 PM    4   29.00    0.00   24.00    0.00    0.00    0.00    0.00    0.00    0.00   47.00
01:21:07 PM    5   25.26    0.00   17.89    0.00    0.00    0.00    0.00    0.00    0.00   56.84
01:21:07 PM    6   26.04    0.00   20.83    0.00    0.00    0.00    0.00    0.00    0.00   53.12
01:21:07 PM    7   22.45    0.00   19.39    0.00    0.00    0.00    0.00    0.00    0.00   58.16

01:21:07 PM  CPU    %usr   %nice    %sys %iowait    %irq   %soft  %steal  %guest  %gnice   %idle
01:21:08 PM  all   24.45    0.00   16.51    0.00    0.00    8.84    0.00    0.00    0.00   50.20
01:21:08 PM    0    9.18    0.00    6.12    0.00    0.00   57.14    0.00    0.00    0.00   27.55
01:21:08 PM    1   20.83    0.00    9.38    0.00    0.00    0.00    0.00    0.00    0.00   69.79
01:21:08 PM    2   18.75    0.00   12.50    0.00    0.00    7.29    0.00    0.00    0.00   61.46
01:21:08 PM    3   20.00    0.00    6.32    0.00    0.00    5.26    0.00    0.00    0.00   68.42
01:21:08 PM    4   30.85    0.00   28.72    0.00    0.00    0.00    0.00    0.00    0.00   40.43
01:21:08 PM    5   29.29    0.00   26.26    0.00    0.00    0.00    0.00    0.00    0.00   44.44
01:21:08 PM    6   35.79    0.00   20.00    0.00    0.00    0.00    0.00    0.00    0.00   44.21
01:21:08 PM    7   31.25    0.00   22.92    0.00    0.00    0.00    0.00    0.00    0.00   45.83

01:21:08 PM  CPU    %usr   %nice    %sys %iowait    %irq   %soft  %steal  %guest  %gnice   %idle
01:21:09 PM  all   26.84    0.00   16.90    0.00    0.00    8.52    0.00    0.00    0.00   47.74
01:21:09 PM    0   11.83    0.00    5.38    0.00    0.00   56.99    0.00    0.00    0.00   25.81
01:21:09 PM    1   19.42    0.00   14.56    0.00    0.00    0.00    0.00    0.00    0.00   66.02
01:21:09 PM    2   18.75    0.00    5.21    0.00    0.00    7.29    0.00    0.00    0.00   68.75
01:21:09 PM    3   17.71    0.00    5.21    0.00    0.00    6.25    0.00    0.00    0.00   70.83
01:21:09 PM    4   35.05    0.00   30.93    0.00    0.00    0.00    0.00    0.00    0.00   34.02
01:21:09 PM    5   36.36    0.00   29.29    0.00    0.00    0.00    0.00    0.00    0.00   34.34
01:21:09 PM    6   38.14    0.00   23.71    0.00    0.00    0.00    0.00    0.00    0.00   38.14
01:21:09 PM    7   37.23    0.00   20.21    0.00    0.00    0.00    0.00    0.00    0.00   42.55

01:21:09 PM  CPU    %usr   %nice    %sys %iowait    %irq   %soft  %steal  %guest  %gnice   %idle
01:21:10 PM  all   25.91    0.00   16.58    0.00    0.00    8.81    0.00    0.00    0.00   48.70
01:21:10 PM    0   12.50    0.00    7.29    0.00    0.00   55.21    0.00    0.00    0.00   25.00
01:21:10 PM    1   24.24    0.00   14.14    0.00    0.00    0.00    0.00    0.00    0.00   61.62
01:21:10 PM    2   30.61    0.00   10.20    0.00    0.00    6.12    0.00    0.00    0.00   53.06
01:21:10 PM    3   27.55    0.00   14.29    0.00    0.00    9.18    0.00    0.00    0.00   48.98
01:21:10 PM    4   26.04    0.00   26.04    0.00    0.00    0.00    0.00    0.00    0.00   47.92
01:21:10 PM    5   26.32    0.00   24.21    0.00    0.00    0.00    0.00    0.00    0.00   49.47
01:21:10 PM    6   30.21    0.00   21.88    0.00    0.00    0.00    0.00    0.00    0.00   47.92
01:21:10 PM    7   29.79    0.00   14.89    0.00    0.00    0.00    0.00    0.00    0.00   55.32

01:21:10 PM  CPU    %usr   %nice    %sys %iowait    %irq   %soft  %steal  %guest  %gnice   %idle
01:21:11 PM  all   24.61    0.00   17.71    0.00    0.00    8.46    0.00    0.00    0.00   49.22
01:21:11 PM    0    6.32    0.00    7.37    0.00    0.00   55.79    0.00    0.00    0.00   30.53
01:21:11 PM    1   13.68    0.00    4.21    0.00    0.00    0.00    0.00    0.00    0.00   82.11
01:21:11 PM    2   17.17    0.00   11.11    0.00    0.00    6.06    0.00    0.00    0.00   65.66
01:21:11 PM    3   16.33    0.00    9.18    0.00    0.00    6.12    0.00    0.00    0.00   68.37
01:21:11 PM    4   37.89    0.00   27.37    0.00    0.00    0.00    0.00    0.00    0.00   34.74
01:21:11 PM    5   33.33    0.00   31.31    0.00    0.00    0.00    0.00    0.00    0.00   35.35
01:21:11 PM    6   30.85    0.00   30.85    0.00    0.00    0.00    0.00    0.00    0.00   38.30
01:21:11 PM    7   41.94    0.00   20.43    0.00    0.00    0.00    0.00    0.00    0.00   37.63

01:21:11 PM  CPU    %usr   %nice    %sys %iowait    %irq   %soft  %steal  %guest  %gnice   %idle
01:21:12 PM  all   23.87    0.00   16.73    0.00    0.00    9.21    0.00    0.00    0.00   50.19
01:21:12 PM    0   10.31    0.00   10.31    0.00    0.00   55.67    0.00    0.00    0.00   23.71
01:21:12 PM    1   24.00    0.00   16.00    0.00    0.00    0.00    0.00    0.00    0.00   60.00
01:21:12 PM    2   23.40    0.00   11.70    0.00    0.00    8.51    0.00    0.00    0.00   56.38
01:21:12 PM    3   27.84    0.00   14.43    0.00    0.00    9.28    0.00    0.00    0.00   48.45
01:21:12 PM    4   26.04    0.00   26.04    0.00    0.00    0.00    0.00    0.00    0.00   47.92
01:21:12 PM    5   23.66    0.00   22.58    0.00    0.00    0.00    0.00    0.00    0.00   53.76
01:21:12 PM    6   26.80    0.00   18.56    0.00    0.00    0.00    0.00    0.00    0.00   54.64
01:21:12 PM    7   28.87    0.00   14.43    0.00    0.00    0.00    0.00    0.00    0.00   56.70

01:21:12 PM  CPU    %usr   %nice    %sys %iowait    %irq   %soft  %steal  %guest  %gnice   %idle
01:21:13 PM  all   29.83    0.00   24.18    0.00    0.00    9.99    0.00    0.00    0.00   36.01
01:21:13 PM    0   15.15    0.00   13.13    0.00    0.00   54.55    0.00    0.00    0.00   17.17
01:21:13 PM    1   25.56    0.00   15.56    0.00    0.00    0.00    0.00    0.00    0.00   58.89
01:21:13 PM    2   18.56    0.00   13.40    0.00    0.00   11.34    0.00    0.00    0.00   56.70
01:21:13 PM    3   21.21    0.00   15.15    0.00    0.00   11.11    0.00    0.00    0.00   52.53
01:21:13 PM    4   37.36    0.00   35.16    0.00    0.00    0.00    0.00    0.00    0.00   27.47
01:21:13 PM    5   42.27    0.00   35.05    0.00    0.00    0.00    0.00    0.00    0.00   22.68
01:21:13 PM    6   41.94    0.00   32.26    0.00    0.00    0.00    0.00    0.00    0.00   25.81
01:21:13 PM    7   37.89    0.00   34.74    0.00    0.00    0.00    0.00    0.00    0.00   27.37

01:21:13 PM  CPU    %usr   %nice    %sys %iowait    %irq   %soft  %steal  %guest  %gnice   %idle
01:21:14 PM  all   26.21    0.00   18.25    0.00    0.00    8.34    0.00    0.00    0.00   47.20
01:21:14 PM    0   10.31    0.00   11.34    0.00    0.00   52.58    0.00    0.00    0.00   25.77
01:21:14 PM    1   21.88    0.00    7.29    0.00    0.00    0.00    0.00    0.00    0.00   70.83
01:21:14 PM    2   23.47    0.00   10.20    0.00    0.00    8.16    0.00    0.00    0.00   58.16
01:21:14 PM    3   26.88    0.00    8.60    0.00    0.00    5.38    0.00    0.00    0.00   59.14
01:21:14 PM    4   28.57    0.00   35.71    0.00    0.00    0.00    0.00    0.00    0.00   35.71
01:21:14 PM    5   36.96    0.00   19.57    0.00    0.00    0.00    0.00    0.00    0.00   43.48
01:21:14 PM    6   29.59    0.00   28.57    0.00    0.00    0.00    0.00    0.00    0.00   41.84
01:21:14 PM    7   32.63    0.00   24.21    0.00    0.00    0.00    0.00    0.00    0.00   43.16

01:21:14 PM  CPU    %usr   %nice    %sys %iowait    %irq   %soft  %steal  %guest  %gnice   %idle
01:21:15 PM  all   26.99    0.00   15.91    0.00    0.00    9.00    0.00    0.00    0.00   48.11
01:21:15 PM    0    7.69    0.00    5.49    0.00    0.00   59.34    0.00    0.00    0.00   27.47
01:21:15 PM    1   21.88    0.00   13.54    0.00    0.00    0.00    0.00    0.00    0.00   64.58
01:21:15 PM    2   27.08    0.00   11.46    0.00    0.00    7.29    0.00    0.00    0.00   54.17
01:21:15 PM    3   26.80    0.00    9.28    0.00    0.00    8.25    0.00    0.00    0.00   55.67
01:21:15 PM    4   32.65    0.00   28.57    0.00    0.00    0.00    0.00    0.00    0.00   38.78
01:21:15 PM    5   32.98    0.00   19.15    0.00    0.00    0.00    0.00    0.00    0.00   47.87
01:21:15 PM    6   32.99    0.00   18.56    0.00    0.00    0.00    0.00    0.00    0.00   48.45
01:21:15 PM    7   32.65    0.00   20.41    0.00    0.00    0.00    0.00    0.00    0.00   46.94

01:21:15 PM  CPU    %usr   %nice    %sys %iowait    %irq   %soft  %steal  %guest  %gnice   %idle
01:21:16 PM  all   25.10    0.00   17.54    0.00    0.00    9.48    0.00    0.00    0.00   47.89
01:21:16 PM    0   10.42    0.00    8.33    0.00    0.00   57.29    0.00    0.00    0.00   23.96
01:21:16 PM    1   23.00    0.00   14.00    0.00    0.00    0.00    0.00    0.00    0.00   63.00
01:21:16 PM    2   22.68    0.00   12.37    0.00    0.00   10.31    0.00    0.00    0.00   54.64
01:21:16 PM    3   26.00    0.00   12.00    0.00    0.00    9.00    0.00    0.00    0.00   53.00
01:21:16 PM    4   29.90    0.00   26.80    0.00    0.00    0.00    0.00    0.00    0.00   43.30
01:21:16 PM    5   30.93    0.00   25.77    0.00    0.00    0.00    0.00    0.00    0.00   43.30
01:21:16 PM    6   27.37    0.00   20.00    0.00    0.00    0.00    0.00    0.00    0.00   52.63
01:21:16 PM    7   30.30    0.00   21.21    0.00    0.00    0.00    0.00    0.00    0.00   48.48

01:21:16 PM  CPU    %usr   %nice    %sys %iowait    %irq   %soft  %steal  %guest  %gnice   %idle
01:21:17 PM  all   22.27    0.00   16.02    0.00    0.00    8.59    0.00    0.00    0.00   53.12
01:21:17 PM    0    6.59    0.00    5.49    0.00    0.00   54.95    0.00    0.00    0.00   32.97
01:21:17 PM    1   18.56    0.00    8.25    0.00    0.00    0.00    0.00    0.00    0.00   73.20
01:21:17 PM    2   23.71    0.00   12.37    0.00    0.00    8.25    0.00    0.00    0.00   55.67
01:21:17 PM    3   21.05    0.00    6.32    0.00    0.00    8.42    0.00    0.00    0.00   64.21
01:21:17 PM    4   28.28    0.00   25.25    0.00    0.00    0.00    0.00    0.00    0.00   46.46
01:21:17 PM    5   26.32    0.00   24.21    0.00    0.00    0.00    0.00    0.00    0.00   49.47
01:21:17 PM    6   26.80    0.00   22.68    0.00    0.00    0.00    0.00    0.00    0.00   50.52
01:21:17 PM    7   25.77    0.00   22.68    0.00    0.00    0.00    0.00    0.00    0.00   51.55

01:21:17 PM  CPU    %usr   %nice    %sys %iowait    %irq   %soft  %steal  %guest  %gnice   %idle
01:21:18 PM  all   24.16    0.00   17.61    0.00    0.00    9.64    0.00    0.00    0.00   48.59
01:21:18 PM    0   11.00    0.00    8.00    0.00    0.00   58.00    0.00    0.00    0.00   23.00
01:21:18 PM    1   27.27    0.00   14.14    0.00    0.00    0.00    0.00    0.00    0.00   58.59
01:21:18 PM    2   23.66    0.00    6.45    0.00    0.00    9.68    0.00    0.00    0.00   60.22
01:21:18 PM    3   20.00    0.00   15.00    0.00    0.00    8.00    0.00    0.00    0.00   57.00
01:21:18 PM    4   28.26    0.00   27.17    0.00    0.00    0.00    0.00    0.00    0.00   44.57
01:21:18 PM    5   25.25    0.00   28.28    0.00    0.00    0.00    0.00    0.00    0.00   46.46
01:21:18 PM    6   27.72    0.00   21.78    0.00    0.00    0.00    0.00    0.00    0.00   50.50
01:21:18 PM    7   30.85    0.00   20.21    0.00    0.00    0.00    0.00    0.00    0.00   48.94

Average:     CPU    %usr   %nice    %sys %iowait    %irq   %soft  %steal  %guest  %gnice   %idle
Average:     all   25.66    0.00   17.73    0.00    0.00    8.92    0.00    0.00    0.00   47.68
Average:       0    9.80    0.00    7.91    0.00    0.00   56.28    0.00    0.00    0.00   26.01
Average:       1   21.64    0.00   11.33    0.03    0.00    0.03    0.00    0.00    0.00   66.98
Average:       2   21.13    0.00    9.84    0.00    0.00    7.62    0.00    0.00    0.00   61.41
Average:       3   21.49    0.00   10.32    0.00    0.00    7.36    0.00    0.00    0.00   60.82
Average:       4   33.24    0.00   28.33    0.00    0.00    0.03    0.00    0.00    0.00   38.40
Average:       5   33.19    0.00   26.33    0.00    0.00    0.00    0.00    0.00    0.00   40.48
Average:       6   32.62    0.00   24.74    0.00    0.00    0.00    0.00    0.00    0.00   42.64
Average:       7   32.40    0.00   23.38    0.00    0.00    0.00    0.00    0.00    0.00   44.23
