Linux 6.1.141 (king) 	08/20/2026 	_aarch64_	(8 CPU)

09:41:45 AM  CPU    %usr   %nice    %sys %iowait    %irq   %soft  %steal  %guest  %gnice   %idle
09:41:46 AM  all   28.79    0.00   18.38    0.00    0.00    9.51    0.00    0.00    0.00   43.32
09:41:46 AM    0    4.00    0.00    3.00    0.00    0.00   74.00    0.00    0.00    0.00   19.00
09:41:46 AM    1   27.00    0.00   11.00    0.00    0.00    0.00    0.00    0.00    0.00   62.00
09:41:46 AM    2   20.62    0.00    6.19    0.00    0.00    0.00    0.00    0.00    0.00   73.20
09:41:46 AM    3   12.37    0.00    4.12    0.00    0.00    0.00    0.00    0.00    0.00   83.51
09:41:46 AM    4   41.05    0.00   29.47    0.00    0.00    0.00    0.00    0.00    0.00   29.47
09:41:46 AM    5   41.84    0.00   29.59    0.00    0.00    0.00    0.00    0.00    0.00   28.57
09:41:46 AM    6   42.11    0.00   32.63    0.00    0.00    0.00    0.00    0.00    0.00   25.26
09:41:46 AM    7   42.71    0.00   32.29    0.00    0.00    0.00    0.00    0.00    0.00   25.00

09:41:46 AM  CPU    %usr   %nice    %sys %iowait    %irq   %soft  %steal  %guest  %gnice   %idle
09:41:47 AM  all   26.61    0.00   18.09    0.00    0.00    8.91    0.00    0.00    0.00   46.38
09:41:47 AM    0    6.19    0.00    2.06    0.00    0.00   71.13    0.00    0.00    0.00   20.62
09:41:47 AM    1   23.40    0.00   14.89    0.00    0.00    0.00    0.00    0.00    0.00   61.70
09:41:47 AM    2   24.74    0.00   10.31    0.00    0.00    0.00    0.00    0.00    0.00   64.95
09:41:47 AM    3   29.47    0.00   11.58    0.00    0.00    0.00    0.00    0.00    0.00   58.95
09:41:47 AM    4   27.96    0.00   25.81    0.00    0.00    0.00    0.00    0.00    0.00   46.24
09:41:47 AM    5   32.67    0.00   26.73    0.00    0.00    0.00    0.00    0.00    0.00   40.59
09:41:47 AM    6   31.00    0.00   28.00    0.00    0.00    0.00    0.00    0.00    0.00   41.00
09:41:47 AM    7   37.11    0.00   24.74    0.00    0.00    0.00    0.00    0.00    0.00   38.14

09:41:47 AM  CPU    %usr   %nice    %sys %iowait    %irq   %soft  %steal  %guest  %gnice   %idle
09:41:48 AM  all   27.14    0.00   17.00    0.00    0.00    9.88    0.00    0.00    0.00   45.98
09:41:48 AM    0    4.08    0.00    3.06    0.00    0.00   76.53    0.00    0.00    0.00   16.33
09:41:48 AM    1   20.83    0.00   11.46    0.00    0.00    0.00    0.00    0.00    0.00   67.71
09:41:48 AM    2   31.25    0.00   11.46    0.00    0.00    0.00    0.00    0.00    0.00   57.29
09:41:48 AM    3   29.79    0.00   13.83    0.00    0.00    0.00    0.00    0.00    0.00   56.38
09:41:48 AM    4   34.41    0.00   21.51    0.00    0.00    0.00    0.00    0.00    0.00   44.09
09:41:48 AM    5   32.61    0.00   25.00    0.00    0.00    0.00    0.00    0.00    0.00   42.39
09:41:48 AM    6   31.18    0.00   24.73    0.00    0.00    0.00    0.00    0.00    0.00   44.09
09:41:48 AM    7   34.02    0.00   25.77    0.00    0.00    0.00    0.00    0.00    0.00   40.21

09:41:48 AM  CPU    %usr   %nice    %sys %iowait    %irq   %soft  %steal  %guest  %gnice   %idle
09:41:49 AM  all   28.26    0.00   19.10    0.00    0.00    9.68    0.00    0.00    0.00   42.97
09:41:49 AM    0    2.02    0.00    4.04    0.00    0.00   75.76    0.00    0.00    0.00   18.18
09:41:49 AM    1   25.00    0.00   12.50    0.00    0.00    0.00    0.00    0.00    0.00   62.50
09:41:49 AM    2   30.21    0.00   11.46    0.00    0.00    0.00    0.00    0.00    0.00   58.33
09:41:49 AM    3   29.17    0.00   13.54    0.00    0.00    0.00    0.00    0.00    0.00   57.29
09:41:49 AM    4   32.99    0.00   26.80    0.00    0.00    0.00    0.00    0.00    0.00   40.21
09:41:49 AM    5   32.65    0.00   29.59    0.00    0.00    0.00    0.00    0.00    0.00   37.76
09:41:49 AM    6   37.11    0.00   26.80    0.00    0.00    0.00    0.00    0.00    0.00   36.08
09:41:49 AM    7   37.50    0.00   28.12    0.00    0.00    0.00    0.00    0.00    0.00   34.38

09:41:49 AM  CPU    %usr   %nice    %sys %iowait    %irq   %soft  %steal  %guest  %gnice   %idle
09:41:50 AM  all   28.70    0.00   20.98    0.00    0.00    9.91    0.00    0.00    0.00   40.41
09:41:50 AM    0    1.04    0.00    2.08    0.00    0.00   80.21    0.00    0.00    0.00   16.67
09:41:50 AM    1   21.43    0.00   14.29    0.00    0.00    0.00    0.00    0.00    0.00   64.29
09:41:50 AM    2   25.00    0.00   17.00    0.00    0.00    0.00    0.00    0.00    0.00   58.00
09:41:50 AM    3   37.00    0.00   15.00    0.00    0.00    0.00    0.00    0.00    0.00   48.00
09:41:50 AM    4   27.37    0.00   34.74    0.00    0.00    0.00    0.00    0.00    0.00   37.89
09:41:50 AM    5   40.00    0.00   26.32    0.00    0.00    0.00    0.00    0.00    0.00   33.68
09:41:50 AM    6   41.05    0.00   31.58    0.00    0.00    0.00    0.00    0.00    0.00   27.37
09:41:50 AM    7   36.73    0.00   27.55    0.00    0.00    0.00    0.00    0.00    0.00   35.71

09:41:50 AM  CPU    %usr   %nice    %sys %iowait    %irq   %soft  %steal  %guest  %gnice   %idle
09:41:51 AM  all   26.38    0.00   17.37    0.00    0.00    9.52    0.00    0.00    0.00   46.72
09:41:51 AM    0    3.96    0.00    2.97    0.00    0.00   73.27    0.00    0.00    0.00   19.80
09:41:51 AM    1   26.04    0.00   13.54    0.00    0.00    0.00    0.00    0.00    0.00   60.42
09:41:51 AM    2   26.32    0.00   11.58    0.00    0.00    0.00    0.00    0.00    0.00   62.11
09:41:51 AM    3   25.77    0.00   11.34    0.00    0.00    0.00    0.00    0.00    0.00   62.89
09:41:51 AM    4   33.67    0.00   24.49    0.00    0.00    0.00    0.00    0.00    0.00   41.84
09:41:51 AM    5   32.61    0.00   22.83    0.00    0.00    0.00    0.00    0.00    0.00   44.57
09:41:51 AM    6   29.29    0.00   27.27    0.00    0.00    0.00    0.00    0.00    0.00   43.43
09:41:51 AM    7   34.34    0.00   25.25    0.00    0.00    0.00    0.00    0.00    0.00   40.40

09:41:51 AM  CPU    %usr   %nice    %sys %iowait    %irq   %soft  %steal  %guest  %gnice   %idle
09:41:52 AM  all   27.20    0.00   19.04    0.00    0.00    9.33    0.00    0.00    0.00   44.43
09:41:52 AM    0    2.06    0.00    5.15    0.00    0.00   74.23    0.00    0.00    0.00   18.56
09:41:52 AM    1   26.04    0.00   14.58    0.00    0.00    0.00    0.00    0.00    0.00   59.38
09:41:52 AM    2   24.24    0.00   16.16    0.00    0.00    0.00    0.00    0.00    0.00   59.60
09:41:52 AM    3   27.08    0.00   10.42    0.00    0.00    0.00    0.00    0.00    0.00   62.50
09:41:52 AM    4   35.71    0.00   26.53    0.00    0.00    0.00    0.00    0.00    0.00   37.76
09:41:52 AM    5   37.11    0.00   24.74    0.00    0.00    0.00    0.00    0.00    0.00   38.14
09:41:52 AM    6   32.29    0.00   29.17    0.00    0.00    0.00    0.00    0.00    0.00   38.54
09:41:52 AM    7   33.33    0.00   25.81    0.00    0.00    0.00    0.00    0.00    0.00   40.86

09:41:52 AM  CPU    %usr   %nice    %sys %iowait    %irq   %soft  %steal  %guest  %gnice   %idle
09:41:53 AM  all   30.35    0.00   18.66    0.00    0.00    9.59    0.00    0.00    0.00   41.39
09:41:53 AM    0    7.07    0.00    2.02    0.00    0.00   73.74    0.00    0.00    0.00   17.17
09:41:53 AM    1   25.00    0.00    9.38    0.00    0.00    0.00    0.00    0.00    0.00   65.62
09:41:53 AM    2   19.15    0.00    6.38    0.00    0.00    0.00    0.00    0.00    0.00   74.47
09:41:53 AM    3   19.35    0.00    8.60    0.00    0.00    0.00    0.00    0.00    0.00   72.04
09:41:53 AM    4   39.78    0.00   31.18    0.00    0.00    0.00    0.00    0.00    0.00   29.03
09:41:53 AM    5   43.30    0.00   34.02    0.00    0.00    0.00    0.00    0.00    0.00   22.68
09:41:53 AM    6   43.01    0.00   31.18    0.00    0.00    0.00    0.00    0.00    0.00   25.81
09:41:53 AM    7   46.88    0.00   27.08    0.00    0.00    0.00    0.00    0.00    0.00   26.04

09:41:53 AM  CPU    %usr   %nice    %sys %iowait    %irq   %soft  %steal  %guest  %gnice   %idle
09:41:54 AM  all   29.27    0.00   18.49    0.00    0.00    9.63    0.00    0.00    0.00   42.62
09:41:54 AM    0    4.00    0.00    2.00    0.00    0.00   75.00    0.00    0.00    0.00   19.00
09:41:54 AM    1   23.96    0.00    9.38    0.00    0.00    0.00    0.00    0.00    0.00   66.67
09:41:54 AM    2   20.62    0.00    6.19    0.00    0.00    0.00    0.00    0.00    0.00   73.20
09:41:54 AM    3   16.67    0.00    5.21    0.00    0.00    0.00    0.00    0.00    0.00   78.12
09:41:54 AM    4   38.54    0.00   30.21    0.00    0.00    0.00    0.00    0.00    0.00   31.25
09:41:54 AM    5   41.84    0.00   30.61    0.00    0.00    0.00    0.00    0.00    0.00   27.55
09:41:54 AM    6   42.42    0.00   37.37    0.00    0.00    0.00    0.00    0.00    0.00   20.20
09:41:54 AM    7   46.39    0.00   26.80    0.00    0.00    0.00    0.00    0.00    0.00   26.80

09:41:54 AM  CPU    %usr   %nice    %sys %iowait    %irq   %soft  %steal  %guest  %gnice   %idle
09:41:55 AM  all   26.00    0.00   17.37    0.00    0.00    8.88    0.00    0.00    0.00   47.75
09:41:55 AM    0    4.95    0.00    2.97    0.00    0.00   68.32    0.00    0.00    0.00   23.76
09:41:55 AM    1   20.41    0.00   10.20    0.00    0.00    0.00    0.00    0.00    0.00   69.39
09:41:55 AM    2   23.76    0.00    9.90    0.00    0.00    0.00    0.00    0.00    0.00   66.34
09:41:55 AM    3   16.84    0.00    5.26    0.00    0.00    0.00    0.00    0.00    0.00   77.89
09:41:55 AM    4   35.11    0.00   27.66    0.00    0.00    0.00    0.00    0.00    0.00   37.23
09:41:55 AM    5   38.78    0.00   26.53    0.00    0.00    0.00    0.00    0.00    0.00   34.69
09:41:55 AM    6   34.04    0.00   29.79    0.00    0.00    0.00    0.00    0.00    0.00   36.17
09:41:55 AM    7   35.42    0.00   28.12    0.00    0.00    0.00    0.00    0.00    0.00   36.46

09:41:55 AM  CPU    %usr   %nice    %sys %iowait    %irq   %soft  %steal  %guest  %gnice   %idle
09:41:56 AM  all   22.37    0.00   16.78    0.00    0.00    8.97    0.00    0.00    0.00   51.89
09:41:56 AM    0    4.17    0.00    4.17    0.00    0.00   71.88    0.00    0.00    0.00   19.79
09:41:56 AM    1   30.93    0.00   13.40    0.00    0.00    0.00    0.00    0.00    0.00   55.67
09:41:56 AM    2   22.92    0.00   14.58    0.00    0.00    0.00    0.00    0.00    0.00   62.50
09:41:56 AM    3   29.17    0.00   14.58    0.00    0.00    0.00    0.00    0.00    0.00   56.25
09:41:56 AM    4   22.92    0.00   26.04    0.00    0.00    0.00    0.00    0.00    0.00   51.04
09:41:56 AM    5   23.16    0.00   17.89    0.00    0.00    0.00    0.00    0.00    0.00   58.95
09:41:56 AM    6   22.68    0.00   23.71    0.00    0.00    0.00    0.00    0.00    0.00   53.61
09:41:56 AM    7   22.92    0.00   19.79    0.00    0.00    0.00    0.00    0.00    0.00   57.29

09:41:56 AM  CPU    %usr   %nice    %sys %iowait    %irq   %soft  %steal  %guest  %gnice   %idle
09:41:57 AM  all   28.81    0.00   19.64    0.00    0.00    9.95    0.00    0.00    0.00   41.60
09:41:57 AM    0    3.06    0.00    1.02    0.00    0.00   78.57    0.00    0.00    0.00   17.35
09:41:57 AM    1   25.51    0.00   13.27    0.00    0.00    0.00    0.00    0.00    0.00   61.22
09:41:57 AM    2   23.96    0.00   10.42    0.00    0.00    0.00    0.00    0.00    0.00   65.62
09:41:57 AM    3   32.65    0.00   11.22    0.00    0.00    0.00    0.00    0.00    0.00   56.12
09:41:57 AM    4   30.30    0.00   32.32    0.00    0.00    0.00    0.00    0.00    0.00   37.37
09:41:57 AM    5   37.89    0.00   25.26    0.00    0.00    0.00    0.00    0.00    0.00   36.84
09:41:57 AM    6   40.62    0.00   32.29    0.00    0.00    0.00    0.00    0.00    0.00   27.08
09:41:57 AM    7   37.23    0.00   31.91    0.00    0.00    0.00    0.00    0.00    0.00   30.85

09:41:57 AM  CPU    %usr   %nice    %sys %iowait    %irq   %soft  %steal  %guest  %gnice   %idle
09:41:58 AM  all   29.07    0.00   19.04    0.00    0.00    9.26    0.00    0.00    0.00   42.63
09:41:58 AM    0    3.06    0.00    4.08    0.00    0.00   72.45    0.00    0.00    0.00   20.41
09:41:58 AM    1   25.77    0.00    7.22    0.00    0.00    0.00    0.00    0.00    0.00   67.01
09:41:58 AM    2   22.11    0.00    7.37    0.00    0.00    0.00    0.00    0.00    0.00   70.53
09:41:58 AM    3   23.16    0.00    7.37    0.00    0.00    0.00    0.00    0.00    0.00   69.47
09:41:58 AM    4   36.56    0.00   31.18    0.00    0.00    0.00    0.00    0.00    0.00   32.26
09:41:58 AM    5   40.62    0.00   34.38    0.00    0.00    0.00    0.00    0.00    0.00   25.00
09:41:58 AM    6   42.27    0.00   30.93    0.00    0.00    0.00    0.00    0.00    0.00   26.80
09:41:58 AM    7   39.58    0.00   30.21    0.00    0.00    0.00    0.00    0.00    0.00   30.21

09:41:58 AM  CPU    %usr   %nice    %sys %iowait    %irq   %soft  %steal  %guest  %gnice   %idle
09:41:59 AM  all   27.40    0.00   18.70    0.00    0.00    8.57    0.00    0.00    0.00   45.32
09:41:59 AM    0    4.04    0.00    8.08    0.00    0.00   66.67    0.00    0.00    0.00   21.21
09:41:59 AM    1   22.92    0.00    9.38    0.00    0.00    0.00    0.00    0.00    0.00   67.71
09:41:59 AM    2   20.62    0.00   10.31    0.00    0.00    0.00    0.00    0.00    0.00   69.07
09:41:59 AM    3   27.66    0.00   10.64    0.00    0.00    0.00    0.00    0.00    0.00   61.70
09:41:59 AM    4   34.69    0.00   29.59    0.00    0.00    0.00    0.00    0.00    0.00   35.71
09:41:59 AM    5   36.84    0.00   28.42    0.00    0.00    0.00    0.00    0.00    0.00   34.74
09:41:59 AM    6   39.36    0.00   27.66    0.00    0.00    0.00    0.00    0.00    0.00   32.98
09:41:59 AM    7   34.02    0.00   25.77    0.00    0.00    0.00    0.00    0.00    0.00   40.21

09:41:59 AM  CPU    %usr   %nice    %sys %iowait    %irq   %soft  %steal  %guest  %gnice   %idle
09:42:00 AM  all   29.16    0.00   18.06    0.00    0.00    9.94    0.00    0.00    0.00   42.84
09:42:00 AM    0    5.05    0.00    3.03    0.00    0.00   77.78    0.00    0.00    0.00   14.14
09:42:00 AM    1   27.84    0.00   10.31    0.00    0.00    0.00    0.00    0.00    0.00   61.86
09:42:00 AM    2   27.84    0.00   12.37    0.00    0.00    0.00    0.00    0.00    0.00   59.79
09:42:00 AM    3   31.96    0.00   15.46    0.00    0.00    0.00    0.00    0.00    0.00   52.58
09:42:00 AM    4   31.91    0.00   26.60    0.00    0.00    0.00    0.00    0.00    0.00   41.49
09:42:00 AM    5   37.76    0.00   24.49    0.00    0.00    0.00    0.00    0.00    0.00   37.76
09:42:00 AM    6   37.11    0.00   27.84    0.00    0.00    0.00    0.00    0.00    0.00   35.05
09:42:00 AM    7   34.38    0.00   25.00    0.00    0.00    0.00    0.00    0.00    0.00   40.62

09:42:00 AM  CPU    %usr   %nice    %sys %iowait    %irq   %soft  %steal  %guest  %gnice   %idle
09:42:01 AM  all   26.77    0.00   18.53    0.00    0.00    9.27    0.00    0.00    0.00   45.43
09:42:01 AM    0    3.09    0.00    2.06    0.00    0.00   74.23    0.00    0.00    0.00   20.62
09:42:01 AM    1   24.24    0.00   12.12    0.00    0.00    0.00    0.00    0.00    0.00   63.64
09:42:01 AM    2   27.84    0.00   15.46    0.00    0.00    0.00    0.00    0.00    0.00   56.70
09:42:01 AM    3   29.17    0.00   13.54    0.00    0.00    0.00    0.00    0.00    0.00   57.29
09:42:01 AM    4   36.36    0.00   20.20    0.00    0.00    0.00    0.00    0.00    0.00   43.43
09:42:01 AM    5   33.00    0.00   29.00    0.00    0.00    0.00    0.00    0.00    0.00   38.00
09:42:01 AM    6   30.85    0.00   29.79    0.00    0.00    0.00    0.00    0.00    0.00   39.36
09:42:01 AM    7   29.47    0.00   26.32    0.00    0.00    0.00    0.00    0.00    0.00   44.21

09:42:01 AM  CPU    %usr   %nice    %sys %iowait    %irq   %soft  %steal  %guest  %gnice   %idle
09:42:02 AM  all   30.00    0.00   20.00    0.00    0.00    9.87    0.00    0.00    0.00   40.13
09:42:02 AM    0    4.04    0.00    3.03    0.00    0.00   76.77    0.00    0.00    0.00   16.16
09:42:02 AM    1   22.68    0.00   12.37    0.00    0.00    0.00    0.00    0.00    0.00   64.95
09:42:02 AM    2   20.21    0.00   11.70    0.00    0.00    0.00    0.00    0.00    0.00   68.09
09:42:02 AM    3   29.29    0.00    9.09    0.00    0.00    0.00    0.00    0.00    0.00   61.62
09:42:02 AM    4   40.21    0.00   34.02    0.00    0.00    0.00    0.00    0.00    0.00   25.77
09:42:02 AM    5   44.09    0.00   29.03    0.00    0.00    0.00    0.00    0.00    0.00   26.88
09:42:02 AM    6   38.54    0.00   34.38    0.00    0.00    0.00    0.00    0.00    0.00   27.08
09:42:02 AM    7   42.11    0.00   27.37    0.00    0.00    0.00    0.00    0.00    0.00   30.53

09:42:02 AM  CPU    %usr   %nice    %sys %iowait    %irq   %soft  %steal  %guest  %gnice   %idle
09:42:03 AM  all   28.39    0.00   20.33    0.00    0.00    9.46    0.00    0.00    0.00   41.82
09:42:03 AM    0    1.01    0.00    4.04    0.00    0.00   74.75    0.00    0.00    0.00   20.20
09:42:03 AM    1   22.22    0.00   11.11    0.00    0.00    0.00    0.00    0.00    0.00   66.67
09:42:03 AM    2   20.62    0.00    6.19    0.00    0.00    0.00    0.00    0.00    0.00   73.20
09:42:03 AM    3   15.46    0.00    7.22    0.00    0.00    0.00    0.00    0.00    0.00   77.32
09:42:03 AM    4   35.71    0.00   38.78    0.00    0.00    0.00    0.00    0.00    0.00   25.51
09:42:03 AM    5   38.78    0.00   36.73    0.00    0.00    0.00    0.00    0.00    0.00   24.49
09:42:03 AM    6   47.37    0.00   27.37    0.00    0.00    0.00    0.00    0.00    0.00   25.26
09:42:03 AM    7   46.46    0.00   31.31    0.00    0.00    0.00    0.00    0.00    0.00   22.22

09:42:03 AM  CPU    %usr   %nice    %sys %iowait    %irq   %soft  %steal  %guest  %gnice   %idle
09:42:04 AM  all   29.20    0.00   19.38    0.00    0.00    9.43    0.00    0.00    0.00   41.99
09:42:04 AM    0    4.12    0.00    3.09    0.00    0.00   75.26    0.00    0.00    0.00   17.53
09:42:04 AM    1   25.00    0.00   11.46    0.00    0.00    0.00    0.00    0.00    0.00   63.54
09:42:04 AM    2   23.96    0.00    9.38    0.00    0.00    0.00    0.00    0.00    0.00   66.67
09:42:04 AM    3   25.00    0.00    8.33    0.00    0.00    0.00    0.00    0.00    0.00   66.67
09:42:04 AM    4   42.27    0.00   27.84    0.00    0.00    0.00    0.00    0.00    0.00   29.90
09:42:04 AM    5   34.38    0.00   31.25    0.00    0.00    0.00    0.00    0.00    0.00   34.38
09:42:04 AM    6   41.58    0.00   33.66    0.00    0.00    0.00    0.00    0.00    0.00   24.75
09:42:04 AM    7   36.84    0.00   29.47    0.00    0.00    0.00    0.00    0.00    0.00   33.68

09:42:04 AM  CPU    %usr   %nice    %sys %iowait    %irq   %soft  %steal  %guest  %gnice   %idle
09:42:05 AM  all   26.85    0.00   17.64    0.00    0.00    9.73    0.00    0.00    0.00   45.78
09:42:05 AM    0    3.03    0.00    2.02    0.00    0.00   75.76    0.00    0.00    0.00   19.19
09:42:05 AM    1   23.16    0.00    8.42    0.00    0.00    0.00    0.00    0.00    0.00   68.42
09:42:05 AM    2   31.96    0.00   11.34    0.00    0.00    0.00    0.00    0.00    0.00   56.70
09:42:05 AM    3   29.17    0.00   17.71    0.00    0.00    0.00    0.00    0.00    0.00   53.12
09:42:05 AM    4   28.57    0.00   29.59    0.00    0.00    0.00    0.00    0.00    0.00   41.84
09:42:05 AM    5   36.84    0.00   25.26    0.00    0.00    0.00    0.00    0.00    0.00   37.89
09:42:05 AM    6   30.53    0.00   26.32    0.00    0.00    0.00    0.00    0.00    0.00   43.16
09:42:05 AM    7   32.29    0.00   20.83    0.00    0.00    0.00    0.00    0.00    0.00   46.88

09:42:05 AM  CPU    %usr   %nice    %sys %iowait    %irq   %soft  %steal  %guest  %gnice   %idle
09:42:06 AM  all   31.15    0.00   20.33    0.00    0.00   10.17    0.00    0.00    0.00   38.35
09:42:06 AM    0    4.04    0.00    2.02    0.00    0.00   79.80    0.00    0.00    0.00   14.14
09:42:06 AM    1   29.17    0.00   15.62    0.00    0.00    0.00    0.00    0.00    0.00   55.21
09:42:06 AM    2   26.53    0.00   12.24    0.00    0.00    0.00    0.00    0.00    0.00   61.22
09:42:06 AM    3   34.38    0.00   13.54    0.00    0.00    0.00    0.00    0.00    0.00   52.08
09:42:06 AM    4   41.24    0.00   29.90    0.00    0.00    0.00    0.00    0.00    0.00   28.87
09:42:06 AM    5   39.36    0.00   30.85    0.00    0.00    0.00    0.00    0.00    0.00   29.79
09:42:06 AM    6   37.11    0.00   29.90    0.00    0.00    0.00    0.00    0.00    0.00   32.99
09:42:06 AM    7   38.00    0.00   29.00    0.00    0.00    0.00    0.00    0.00    0.00   33.00

09:42:06 AM  CPU    %usr   %nice    %sys %iowait    %irq   %soft  %steal  %guest  %gnice   %idle
09:42:07 AM  all   29.45    0.00   18.06    0.00    0.00    9.95    0.00    0.00    0.00   42.54
09:42:07 AM    0    3.96    0.00    1.98    0.00    0.00   75.25    0.00    0.00    0.00   18.81
09:42:07 AM    1   20.21    0.00   10.64    0.00    0.00    0.00    0.00    0.00    0.00   69.15
09:42:07 AM    2   21.28    0.00    7.45    0.00    0.00    0.00    0.00    0.00    0.00   71.28
09:42:07 AM    3   21.65    0.00    5.15    0.00    0.00    0.00    0.00    0.00    0.00   73.20
09:42:07 AM    4   45.65    0.00   30.43    0.00    0.00    0.00    0.00    0.00    0.00   23.91
09:42:07 AM    5   45.92    0.00   28.57    0.00    0.00    0.00    0.00    0.00    0.00   25.51
09:42:07 AM    6   41.67    0.00   29.17    0.00    0.00    0.00    0.00    0.00    0.00   29.17
09:42:07 AM    7   36.96    0.00   32.61    0.00    0.00    0.00    0.00    0.00    0.00   30.43

09:42:07 AM  CPU    %usr   %nice    %sys %iowait    %irq   %soft  %steal  %guest  %gnice   %idle
09:42:08 AM  all   29.12    0.00   19.28    0.00    0.00    9.45    0.00    0.00    0.00   42.15
09:42:08 AM    0    5.05    0.00    1.01    0.00    0.00   74.75    0.00    0.00    0.00   19.19
09:42:08 AM    1   26.80    0.00    9.28    0.00    0.00    0.00    0.00    0.00    0.00   63.92
09:42:08 AM    2   19.59    0.00    6.19    0.00    0.00    0.00    0.00    0.00    0.00   74.23
09:42:08 AM    3   18.00    0.00   10.00    0.00    0.00    0.00    0.00    0.00    0.00   72.00
09:42:08 AM    4   46.94    0.00   31.63    0.00    0.00    0.00    0.00    0.00    0.00   21.43
09:42:08 AM    5   41.41    0.00   33.33    0.00    0.00    0.00    0.00    0.00    0.00   25.25
09:42:08 AM    6   39.18    0.00   31.96    0.00    0.00    0.00    0.00    0.00    0.00   28.87
09:42:08 AM    7   36.46    0.00   31.25    0.00    0.00    0.00    0.00    0.00    0.00   32.29

09:42:08 AM  CPU    %usr   %nice    %sys %iowait    %irq   %soft  %steal  %guest  %gnice   %idle
09:42:09 AM  all   30.67    0.00   21.91    0.00    0.00    9.79    0.00    0.00    0.00   37.63
09:42:09 AM    0    3.96    0.00    3.96    0.00    0.00   75.25    0.00    0.00    0.00   16.83
09:42:09 AM    1   23.96    0.00    8.33    0.00    0.00    0.00    0.00    0.00    0.00   67.71
09:42:09 AM    2   26.32    0.00    8.42    0.00    0.00    0.00    0.00    0.00    0.00   65.26
09:42:09 AM    3   17.02    0.00    5.32    0.00    0.00    0.00    0.00    0.00    0.00   77.66
09:42:09 AM    4   45.36    0.00   34.02    0.00    0.00    0.00    0.00    0.00    0.00   20.62
09:42:09 AM    5   41.24    0.00   39.18    0.00    0.00    0.00    0.00    0.00    0.00   19.59
09:42:09 AM    6   43.88    0.00   40.82    0.00    0.00    0.00    0.00    0.00    0.00   15.31
09:42:09 AM    7   43.88    0.00   34.69    0.00    0.00    0.00    0.00    0.00    0.00   21.43

09:42:09 AM  CPU    %usr   %nice    %sys %iowait    %irq   %soft  %steal  %guest  %gnice   %idle
09:42:10 AM  all   29.72    0.00   20.54    0.26    0.00    9.56    0.00    0.00    0.00   39.92
09:42:10 AM    0    3.06    0.00    3.06    0.00    0.00   75.51    0.00    0.00    0.00   18.37
09:42:10 AM    1   26.53    0.00   10.20    0.00    0.00    0.00    0.00    0.00    0.00   63.27
09:42:10 AM    2   24.74    0.00   10.31    2.06    0.00    0.00    0.00    0.00    0.00   62.89
09:42:10 AM    3   26.80    0.00    7.22    0.00    0.00    0.00    0.00    0.00    0.00   65.98
09:42:10 AM    4   41.05    0.00   31.58    0.00    0.00    0.00    0.00    0.00    0.00   27.37
09:42:10 AM    5   35.00    0.00   38.00    0.00    0.00    0.00    0.00    0.00    0.00   27.00
09:42:10 AM    6   42.55    0.00   31.91    0.00    0.00    0.00    0.00    0.00    0.00   25.53
09:42:10 AM    7   38.95    0.00   32.63    0.00    0.00    0.00    0.00    0.00    0.00   28.42

09:42:10 AM  CPU    %usr   %nice    %sys %iowait    %irq   %soft  %steal  %guest  %gnice   %idle
09:42:11 AM  all   27.28    0.00   17.37    0.00    0.00    9.40    0.00    0.00    0.00   45.95
09:42:11 AM    0    4.04    0.00    1.01    0.00    0.00   73.74    0.00    0.00    0.00   21.21
09:42:11 AM    1   23.71    0.00   12.37    0.00    0.00    0.00    0.00    0.00    0.00   63.92
09:42:11 AM    2   19.59    0.00    8.25    0.00    0.00    0.00    0.00    0.00    0.00   72.16
09:42:11 AM    3   27.08    0.00   11.46    0.00    0.00    0.00    0.00    0.00    0.00   61.46
09:42:11 AM    4   37.76    0.00   25.51    0.00    0.00    0.00    0.00    0.00    0.00   36.73
09:42:11 AM    5   35.05    0.00   27.84    0.00    0.00    0.00    0.00    0.00    0.00   37.11
09:42:11 AM    6   35.79    0.00   25.26    0.00    0.00    0.00    0.00    0.00    0.00   38.95
09:42:11 AM    7   35.71    0.00   27.55    0.00    0.00    0.00    0.00    0.00    0.00   36.73

09:42:11 AM  CPU    %usr   %nice    %sys %iowait    %irq   %soft  %steal  %guest  %gnice   %idle
09:42:12 AM  all   30.19    0.00   19.10    0.00    0.00   10.32    0.00    0.00    0.00   40.39
09:42:12 AM    0    1.98    0.00    2.97    0.00    0.00   79.21    0.00    0.00    0.00   15.84
09:42:12 AM    1   22.92    0.00    7.29    0.00    0.00    0.00    0.00    0.00    0.00   69.79
09:42:12 AM    2   21.05    0.00    4.21    0.00    0.00    0.00    0.00    0.00    0.00   74.74
09:42:12 AM    3   27.72    0.00   17.82    0.00    0.00    0.00    0.00    0.00    0.00   54.46
09:42:12 AM    4   40.66    0.00   27.47    0.00    0.00    0.00    0.00    0.00    0.00   31.87
09:42:12 AM    5   38.30    0.00   34.04    0.00    0.00    0.00    0.00    0.00    0.00   27.66
09:42:12 AM    6   48.98    0.00   30.61    0.00    0.00    0.00    0.00    0.00    0.00   20.41
09:42:12 AM    7   41.41    0.00   29.29    0.00    0.00    0.00    0.00    0.00    0.00   29.29

09:42:12 AM  CPU    %usr   %nice    %sys %iowait    %irq   %soft  %steal  %guest  %gnice   %idle
09:42:13 AM  all   29.34    0.00   19.95    0.00    0.00    9.00    0.00    0.00    0.00   41.72
09:42:13 AM    0    6.25    0.00    2.08    0.00    0.00   71.88    0.00    0.00    0.00   19.79
09:42:13 AM    1   22.68    0.00   10.31    0.00    0.00    0.00    0.00    0.00    0.00   67.01
09:42:13 AM    2   20.21    0.00    7.45    0.00    0.00    0.00    0.00    0.00    0.00   72.34
09:42:13 AM    3   17.71    0.00    6.25    0.00    0.00    0.00    0.00    0.00    0.00   76.04
09:42:13 AM    4   41.41    0.00   34.34    0.00    0.00    0.00    0.00    0.00    0.00   24.24
09:42:13 AM    5   45.26    0.00   32.63    0.00    0.00    0.00    0.00    0.00    0.00   22.11
09:42:13 AM    6   34.74    0.00   38.95    0.00    0.00    0.00    0.00    0.00    0.00   26.32
09:42:13 AM    7   46.32    0.00   27.37    0.00    0.00    0.00    0.00    0.00    0.00   26.32

09:42:13 AM  CPU    %usr   %nice    %sys %iowait    %irq   %soft  %steal  %guest  %gnice   %idle
09:42:14 AM  all   25.84    0.00   14.68    0.00    0.00    8.18    0.00    0.00    0.00   51.30
09:42:14 AM    0    5.15    0.00    3.09    0.00    0.00   64.95    0.00    0.00    0.00   26.80
09:42:14 AM    1   24.49    0.00   10.20    0.00    0.00    0.00    0.00    0.00    0.00   65.31
09:42:14 AM    2   22.11    0.00   10.53    0.00    0.00    0.00    0.00    0.00    0.00   67.37
09:42:14 AM    3   26.53    0.00   10.20    0.00    0.00    0.00    0.00    0.00    0.00   63.27
09:42:14 AM    4   31.25    0.00   20.83    0.00    0.00    0.00    0.00    0.00    0.00   47.92
09:42:14 AM    5   31.91    0.00   21.28    0.00    0.00    0.00    0.00    0.00    0.00   46.81
09:42:14 AM    6   33.68    0.00   20.00    0.00    0.00    0.00    0.00    0.00    0.00   46.32
09:42:14 AM    7   31.96    0.00   21.65    0.00    0.00    0.00    0.00    0.00    0.00   46.39

09:42:14 AM  CPU    %usr   %nice    %sys %iowait    %irq   %soft  %steal  %guest  %gnice   %idle
09:42:15 AM  all   26.81    0.00   19.17    0.00    0.00    9.46    0.00    0.00    0.00   44.56
09:42:15 AM    0    5.05    0.00    2.02    0.00    0.00   73.74    0.00    0.00    0.00   19.19
09:42:15 AM    1   20.41    0.00   14.29    0.00    0.00    0.00    0.00    0.00    0.00   65.31
09:42:15 AM    2   22.45    0.00   15.31    0.00    0.00    0.00    0.00    0.00    0.00   62.24
09:42:15 AM    3   29.79    0.00    8.51    0.00    0.00    0.00    0.00    0.00    0.00   61.70
09:42:15 AM    4   32.63    0.00   28.42    0.00    0.00    0.00    0.00    0.00    0.00   38.95
09:42:15 AM    5   34.02    0.00   32.99    0.00    0.00    0.00    0.00    0.00    0.00   32.99
09:42:15 AM    6   35.35    0.00   31.31    0.00    0.00    0.00    0.00    0.00    0.00   33.33
09:42:15 AM    7   35.87    0.00   20.65    0.00    0.00    0.00    0.00    0.00    0.00   43.48

09:42:15 AM  CPU    %usr   %nice    %sys %iowait    %irq   %soft  %steal  %guest  %gnice   %idle
09:42:16 AM  all   29.78    0.00   20.03    0.00    0.00    9.89    0.00    0.00    0.00   40.30
09:42:16 AM    0    2.94    0.00    2.94    0.00    0.00   76.47    0.00    0.00    0.00   17.65
09:42:16 AM    1   26.26    0.00   10.10    0.00    0.00    0.00    0.00    0.00    0.00   63.64
09:42:16 AM    2   22.22    0.00    8.08    0.00    0.00    0.00    0.00    0.00    0.00   69.70
09:42:16 AM    3   20.41    0.00    9.18    0.00    0.00    0.00    0.00    0.00    0.00   70.41
09:42:16 AM    4   40.40    0.00   33.33    0.00    0.00    0.00    0.00    0.00    0.00   26.26
09:42:16 AM    5   46.32    0.00   30.53    0.00    0.00    0.00    0.00    0.00    0.00   23.16
09:42:16 AM    6   43.75    0.00   32.29    0.00    0.00    0.00    0.00    0.00    0.00   23.96
09:42:16 AM    7   37.62    0.00   34.65    0.00    0.00    0.00    0.00    0.00    0.00   27.72

09:42:16 AM  CPU    %usr   %nice    %sys %iowait    %irq   %soft  %steal  %guest  %gnice   %idle
09:42:17 AM  all   29.38    0.00   19.97    0.00    0.00    9.15    0.00    0.00    0.00   41.49
09:42:17 AM    0    2.06    0.00    4.12    0.00    0.00   73.20    0.00    0.00    0.00   20.62
09:42:17 AM    1   23.71    0.00   10.31    0.00    0.00    0.00    0.00    0.00    0.00   65.98
09:42:17 AM    2   20.83    0.00    5.21    0.00    0.00    0.00    0.00    0.00    0.00   73.96
09:42:17 AM    3   25.51    0.00   11.22    0.00    0.00    0.00    0.00    0.00    0.00   63.27
09:42:17 AM    4   41.24    0.00   30.93    0.00    0.00    0.00    0.00    0.00    0.00   27.84
09:42:17 AM    5   39.80    0.00   29.59    0.00    0.00    0.00    0.00    0.00    0.00   30.61
09:42:17 AM    6   40.00    0.00   34.74    0.00    0.00    0.00    0.00    0.00    0.00   25.26
09:42:17 AM    7   41.84    0.00   33.67    0.00    0.00    0.00    0.00    0.00    0.00   24.49

09:42:17 AM  CPU    %usr   %nice    %sys %iowait    %irq   %soft  %steal  %guest  %gnice   %idle
09:42:18 AM  all   23.81    0.00   15.57    0.00    0.00    8.37    0.00    0.00    0.00   52.25
09:42:18 AM    0    7.29    0.00    3.12    0.00    0.00   67.71    0.00    0.00    0.00   21.88
09:42:18 AM    1   27.55    0.00   13.27    0.00    0.00    0.00    0.00    0.00    0.00   59.18
09:42:18 AM    2   26.53    0.00   14.29    0.00    0.00    0.00    0.00    0.00    0.00   59.18
09:42:18 AM    3   24.74    0.00   12.37    0.00    0.00    0.00    0.00    0.00    0.00   62.89
09:42:18 AM    4   30.53    0.00   18.95    0.00    0.00    0.00    0.00    0.00    0.00   50.53
09:42:18 AM    5   26.26    0.00   22.22    0.00    0.00    0.00    0.00    0.00    0.00   51.52
09:42:18 AM    6   24.24    0.00   21.21    0.00    0.00    0.00    0.00    0.00    0.00   54.55
09:42:18 AM    7   23.16    0.00   18.95    0.00    0.00    0.00    0.00    0.00    0.00   57.89

09:42:18 AM  CPU    %usr   %nice    %sys %iowait    %irq   %soft  %steal  %guest  %gnice   %idle
09:42:19 AM  all   29.35    0.00   19.48    0.00    0.00   10.13    0.00    0.00    0.00   41.04
09:42:19 AM    0    3.96    0.00    1.98    0.00    0.00   77.23    0.00    0.00    0.00   16.83
09:42:19 AM    1   25.26    0.00   11.58    0.00    0.00    0.00    0.00    0.00    0.00   63.16
09:42:19 AM    2   29.17    0.00   10.42    0.00    0.00    0.00    0.00    0.00    0.00   60.42
09:42:19 AM    3   26.32    0.00   12.63    0.00    0.00    0.00    0.00    0.00    0.00   61.05
09:42:19 AM    4   38.14    0.00   30.93    0.00    0.00    0.00    0.00    0.00    0.00   30.93
09:42:19 AM    5   36.08    0.00   30.93    0.00    0.00    0.00    0.00    0.00    0.00   32.99
09:42:19 AM    6   38.71    0.00   30.11    0.00    0.00    0.00    0.00    0.00    0.00   31.18
09:42:19 AM    7   38.54    0.00   28.12    0.00    0.00    0.00    0.00    0.00    0.00   33.33

09:42:19 AM  CPU    %usr   %nice    %sys %iowait    %irq   %soft  %steal  %guest  %gnice   %idle
09:42:20 AM  all   26.40    0.00   18.11    0.00    0.00    8.16    0.00    0.00    0.00   47.32
09:42:20 AM    0    4.17    0.00    3.12    0.00    0.00   66.67    0.00    0.00    0.00   26.04
09:42:20 AM    1   27.27    0.00    6.06    0.00    0.00    0.00    0.00    0.00    0.00   66.67
09:42:20 AM    2   15.00    0.00   11.00    0.00    0.00    0.00    0.00    0.00    0.00   74.00
09:42:20 AM    3   19.39    0.00   13.27    0.00    0.00    0.00    0.00    0.00    0.00   67.35
09:42:20 AM    4   35.71    0.00   27.55    0.00    0.00    0.00    0.00    0.00    0.00   36.73
09:42:20 AM    5   37.50    0.00   27.08    0.00    0.00    0.00    0.00    0.00    0.00   35.42
09:42:20 AM    6   35.71    0.00   26.53    0.00    0.00    0.00    0.00    0.00    0.00   37.76
09:42:20 AM    7   36.36    0.00   30.30    0.00    0.00    0.00    0.00    0.00    0.00   33.33

09:42:20 AM  CPU    %usr   %nice    %sys %iowait    %irq   %soft  %steal  %guest  %gnice   %idle
09:42:21 AM  all   28.17    0.00   19.12    0.00    0.00   10.08    0.00    0.00    0.00   42.64
09:42:21 AM    0    1.00    0.00    4.00    0.00    0.00   78.00    0.00    0.00    0.00   17.00
09:42:21 AM    1   30.61    0.00   13.27    0.00    0.00    0.00    0.00    0.00    0.00   56.12
09:42:21 AM    2   31.58    0.00   12.63    0.00    0.00    0.00    0.00    0.00    0.00   55.79
09:42:21 AM    3   28.57    0.00   15.31    0.00    0.00    0.00    0.00    0.00    0.00   56.12
09:42:21 AM    4   36.84    0.00   27.37    0.00    0.00    0.00    0.00    0.00    0.00   35.79
09:42:21 AM    5   34.74    0.00   24.21    0.00    0.00    0.00    0.00    0.00    0.00   41.05
09:42:21 AM    6   32.99    0.00   28.87    0.00    0.00    0.00    0.00    0.00    0.00   38.14
09:42:21 AM    7   30.21    0.00   28.12    0.00    0.00    0.00    0.00    0.00    0.00   41.67

09:42:21 AM  CPU    %usr   %nice    %sys %iowait    %irq   %soft  %steal  %guest  %gnice   %idle
09:42:22 AM  all   23.90    0.00   17.01    0.00    0.00    8.70    0.00    0.00    0.00   50.39
09:42:22 AM    0    5.21    0.00    3.12    0.00    0.00   69.79    0.00    0.00    0.00   21.88
09:42:22 AM    1   26.53    0.00   14.29    0.00    0.00    0.00    0.00    0.00    0.00   59.18
09:42:22 AM    2   18.28    0.00    7.53    0.00    0.00    0.00    0.00    0.00    0.00   74.19
09:42:22 AM    3   26.04    0.00   13.54    0.00    0.00    0.00    0.00    0.00    0.00   60.42
09:42:22 AM    4   30.21    0.00   25.00    0.00    0.00    0.00    0.00    0.00    0.00   44.79
09:42:22 AM    5   28.42    0.00   24.21    0.00    0.00    0.00    0.00    0.00    0.00   47.37
09:42:22 AM    6   29.59    0.00   22.45    0.00    0.00    0.00    0.00    0.00    0.00   47.96
09:42:22 AM    7   26.53    0.00   25.51    0.00    0.00    0.00    0.00    0.00    0.00   47.96

09:42:22 AM  CPU    %usr   %nice    %sys %iowait    %irq   %soft  %steal  %guest  %gnice   %idle
09:42:23 AM  all   26.73    0.00   20.46    0.00    0.00    9.59    0.00    0.00    0.00   43.22
09:42:23 AM    0    4.00    0.00    3.00    0.00    0.00   75.00    0.00    0.00    0.00   18.00
09:42:23 AM    1   20.62    0.00   10.31    0.00    0.00    0.00    0.00    0.00    0.00   69.07
09:42:23 AM    2   19.59    0.00    8.25    0.00    0.00    0.00    0.00    0.00    0.00   72.16
09:42:23 AM    3   27.84    0.00   15.46    0.00    0.00    0.00    0.00    0.00    0.00   56.70
09:42:23 AM    4   33.66    0.00   34.65    0.00    0.00    0.00    0.00    0.00    0.00   31.68
09:42:23 AM    5   34.38    0.00   33.33    0.00    0.00    0.00    0.00    0.00    0.00   32.29
09:42:23 AM    6   36.84    0.00   29.47    0.00    0.00    0.00    0.00    0.00    0.00   33.68
09:42:23 AM    7   37.37    0.00   29.29    0.00    0.00    0.00    0.00    0.00    0.00   33.33

09:42:23 AM  CPU    %usr   %nice    %sys %iowait    %irq   %soft  %steal  %guest  %gnice   %idle
09:42:24 AM  all   31.91    0.00   19.46    0.00    0.00   10.25    0.00    0.00    0.00   38.39
09:42:24 AM    0    1.04    0.00    1.04    0.00    0.00   82.29    0.00    0.00    0.00   15.62
09:42:24 AM    1   29.29    0.00   11.11    0.00    0.00    0.00    0.00    0.00    0.00   59.60
09:42:24 AM    2   26.80    0.00   13.40    0.00    0.00    0.00    0.00    0.00    0.00   59.79
09:42:24 AM    3   36.56    0.00   13.98    0.00    0.00    0.00    0.00    0.00    0.00   49.46
09:42:24 AM    4   41.24    0.00   28.87    0.00    0.00    0.00    0.00    0.00    0.00   29.90
09:42:24 AM    5   40.43    0.00   27.66    0.00    0.00    0.00    0.00    0.00    0.00   31.91
09:42:24 AM    6   40.40    0.00   31.31    0.00    0.00    0.00    0.00    0.00    0.00   28.28
09:42:24 AM    7   39.58    0.00   28.12    0.00    0.00    0.00    0.00    0.00    0.00   32.29

09:42:24 AM  CPU    %usr   %nice    %sys %iowait    %irq   %soft  %steal  %guest  %gnice   %idle
09:42:25 AM  all   25.52    0.00   17.23    0.13    0.00    9.33    0.00    0.00    0.00   47.80
09:42:25 AM    0    4.08    0.00    2.04    0.00    0.00   73.47    0.00    0.00    0.00   20.41
09:42:25 AM    1   24.49    0.00   11.22    1.02    0.00    0.00    0.00    0.00    0.00   63.27
09:42:25 AM    2   28.28    0.00   13.13    0.00    0.00    0.00    0.00    0.00    0.00   58.59
09:42:25 AM    3   27.84    0.00   12.37    0.00    0.00    0.00    0.00    0.00    0.00   59.79
09:42:25 AM    4   29.17    0.00   25.00    0.00    0.00    0.00    0.00    0.00    0.00   45.83
09:42:25 AM    5   30.53    0.00   23.16    0.00    0.00    0.00    0.00    0.00    0.00   46.32
09:42:25 AM    6   29.47    0.00   27.37    0.00    0.00    0.00    0.00    0.00    0.00   43.16
09:42:25 AM    7   30.85    0.00   24.47    0.00    0.00    0.00    0.00    0.00    0.00   44.68

Average:     CPU    %usr   %nice    %sys %iowait    %irq   %soft  %steal  %guest  %gnice   %idle
Average:     all   28.03    0.00   18.74    0.01    0.00    9.45    0.00    0.00    0.00   43.77
Average:       0    3.81    0.00    2.89    0.00    0.00   74.27    0.00    0.00    0.00   19.03
Average:       1   24.81    0.00   11.26    0.03    0.00    0.00    0.00    0.00    0.00   63.91
Average:       2   23.76    0.00   10.27    0.05    0.00    0.00    0.00    0.00    0.00   65.92
Average:       3   25.65    0.00   10.99    0.00    0.00    0.00    0.00    0.00    0.00   63.36
Average:       4   36.18    0.00   28.81    0.00    0.00    0.00    0.00    0.00    0.00   35.01
Average:       5   36.97    0.00   28.76    0.00    0.00    0.00    0.00    0.00    0.00   34.27
Average:       6   36.97    0.00   29.67    0.00    0.00    0.00    0.00    0.00    0.00   33.36
Average:       7   36.70    0.00   27.71    0.00    0.00    0.00    0.00    0.00    0.00   35.59
