Linux 6.1.141 (king) 	08/20/2026 	_aarch64_	(8 CPU)

01:14:25 PM  CPU    %usr   %nice    %sys %iowait    %irq   %soft  %steal  %guest  %gnice   %idle
01:14:26 PM  all   24.58    0.00   15.03    0.00    0.00    8.63    0.00    0.00    0.00   51.76
01:14:26 PM    0    9.78    0.00    7.61    0.00    0.00   54.35    0.00    0.00    0.00   28.26
01:14:26 PM    1   27.84    0.00   12.37    0.00    0.00    0.00    0.00    0.00    0.00   59.79
01:14:26 PM    2   29.00    0.00    9.00    0.00    0.00    8.00    0.00    0.00    0.00   54.00
01:14:26 PM    3   21.65    0.00   12.37    0.00    0.00    0.00    0.00    0.00    0.00   65.98
01:14:26 PM    4   25.81    0.00   23.66    0.00    0.00    0.00    0.00    0.00    0.00   50.54
01:14:26 PM    5   28.72    0.00   17.02    0.00    0.00    8.51    0.00    0.00    0.00   45.74
01:14:26 PM    6   29.17    0.00   17.71    0.00    0.00    0.00    0.00    0.00    0.00   53.12
01:14:26 PM    7   23.96    0.00   20.83    0.00    0.00    0.00    0.00    0.00    0.00   55.21

01:14:26 PM  CPU    %usr   %nice    %sys %iowait    %irq   %soft  %steal  %guest  %gnice   %idle
01:14:27 PM  all   27.47    0.00   17.46    0.00    0.00    9.50    0.00    0.00    0.00   45.57
01:14:27 PM    0    8.82    0.00    9.80    0.00    0.00   57.84    0.00    0.00    0.00   23.53
01:14:27 PM    1   22.68    0.00    9.28    0.00    0.00    0.00    0.00    0.00    0.00   68.04
01:14:27 PM    2   22.68    0.00   11.34    0.00    0.00    8.25    0.00    0.00    0.00   57.73
01:14:27 PM    3   29.29    0.00    7.07    0.00    0.00    0.00    0.00    0.00    0.00   63.64
01:14:27 PM    4   33.33    0.00   26.88    0.00    0.00    0.00    0.00    0.00    0.00   39.78
01:14:27 PM    5   33.68    0.00   26.32    0.00    0.00    7.37    0.00    0.00    0.00   32.63
01:14:27 PM    6   35.05    0.00   22.68    0.00    0.00    0.00    0.00    0.00    0.00   42.27
01:14:27 PM    7   35.35    0.00   27.27    0.00    0.00    0.00    0.00    0.00    0.00   37.37

01:14:27 PM  CPU    %usr   %nice    %sys %iowait    %irq   %soft  %steal  %guest  %gnice   %idle
01:14:28 PM  all   23.69    0.00   18.98    0.00    0.00    9.43    0.00    0.00    0.00   47.90
01:14:28 PM    0    9.71    0.00   11.65    0.00    0.00   56.31    0.00    0.00    0.00   22.33
01:14:28 PM    1   17.00    0.00   12.00    0.00    0.00    0.00    0.00    0.00    0.00   71.00
01:14:28 PM    2   16.16    0.00   12.12    0.00    0.00    8.08    0.00    0.00    0.00   63.64
01:14:28 PM    3   20.62    0.00   12.37    0.00    0.00    0.00    0.00    0.00    0.00   67.01
01:14:28 PM    4   31.18    0.00   30.11    0.00    0.00    0.00    0.00    0.00    0.00   38.71
01:14:28 PM    5   31.96    0.00   24.74    0.00    0.00    8.25    0.00    0.00    0.00   35.05
01:14:28 PM    6   33.67    0.00   26.53    0.00    0.00    0.00    0.00    0.00    0.00   39.80
01:14:28 PM    7   30.61    0.00   23.47    0.00    0.00    0.00    0.00    0.00    0.00   45.92

01:14:28 PM  CPU    %usr   %nice    %sys %iowait    %irq   %soft  %steal  %guest  %gnice   %idle
01:14:29 PM  all   24.81    0.00   18.83    0.00    0.00    9.48    0.00    0.00    0.00   46.88
01:14:29 PM    0   10.53    0.00    8.42    0.00    0.00   55.79    0.00    0.00    0.00   25.26
01:14:29 PM    1   21.05    0.00    9.47    0.00    0.00    0.00    0.00    0.00    0.00   69.47
01:14:29 PM    2   21.43    0.00   10.20    0.00    0.00   11.22    0.00    0.00    0.00   57.14
01:14:29 PM    3   16.33    0.00   11.22    0.00    0.00    0.00    0.00    0.00    0.00   72.45
01:14:29 PM    4   32.98    0.00   29.79    0.00    0.00    0.00    0.00    0.00    0.00   37.23
01:14:29 PM    5   31.96    0.00   26.80    0.00    0.00    9.28    0.00    0.00    0.00   31.96
01:14:29 PM    6   33.33    0.00   28.12    0.00    0.00    0.00    0.00    0.00    0.00   38.54
01:14:29 PM    7   30.93    0.00   26.80    0.00    0.00    0.00    0.00    0.00    0.00   42.27

01:14:29 PM  CPU    %usr   %nice    %sys %iowait    %irq   %soft  %steal  %guest  %gnice   %idle
01:14:30 PM  all   24.97    0.00   17.65    0.00    0.00    8.37    0.00    0.00    0.00   49.02
01:14:30 PM    0    8.25    0.00    8.25    0.00    0.00   54.64    0.00    0.00    0.00   28.87
01:14:30 PM    1   19.19    0.00    8.08    0.00    0.00    0.00    0.00    0.00    0.00   72.73
01:14:30 PM    2   15.05    0.00    8.60    0.00    0.00    5.38    0.00    0.00    0.00   70.97
01:14:30 PM    3   15.15    0.00    7.07    0.00    0.00    0.00    0.00    0.00    0.00   77.78
01:14:30 PM    4   36.17    0.00   28.72    0.00    0.00    0.00    0.00    0.00    0.00   35.11
01:14:30 PM    5   38.14    0.00   27.84    0.00    0.00    6.19    0.00    0.00    0.00   27.84
01:14:30 PM    6   32.63    0.00   26.32    0.00    0.00    0.00    0.00    0.00    0.00   41.05
01:14:30 PM    7   36.26    0.00   27.47    0.00    0.00    0.00    0.00    0.00    0.00   36.26

01:14:30 PM  CPU    %usr   %nice    %sys %iowait    %irq   %soft  %steal  %guest  %gnice   %idle
01:14:31 PM  all   24.35    0.00   17.06    0.00    0.00    8.98    0.00    0.00    0.00   49.61
01:14:31 PM    0   14.58    0.00    9.38    0.00    0.00   57.29    0.00    0.00    0.00   18.75
01:14:31 PM    1   22.11    0.00   13.68    0.00    0.00    0.00    0.00    0.00    0.00   64.21
01:14:31 PM    2   27.08    0.00   11.46    0.00    0.00    9.38    0.00    0.00    0.00   52.08
01:14:31 PM    3   22.92    0.00    9.38    0.00    0.00    0.00    0.00    0.00    0.00   67.71
01:14:31 PM    4   24.49    0.00   30.61    0.00    0.00    0.00    0.00    0.00    0.00   44.90
01:14:31 PM    5   27.08    0.00   22.92    0.00    0.00    5.21    0.00    0.00    0.00   44.79
01:14:31 PM    6   27.37    0.00   21.05    0.00    0.00    0.00    0.00    0.00    0.00   51.58
01:14:31 PM    7   29.17    0.00   17.71    0.00    0.00    0.00    0.00    0.00    0.00   53.12

01:14:31 PM  CPU    %usr   %nice    %sys %iowait    %irq   %soft  %steal  %guest  %gnice   %idle
01:14:32 PM  all   23.06    0.00   16.58    0.00    0.00    8.68    0.00    0.00    0.00   51.68
01:14:32 PM    0   10.31    0.00    8.25    0.00    0.00   55.67    0.00    0.00    0.00   25.77
01:14:32 PM    1   15.46    0.00   12.37    0.00    0.00    0.00    0.00    0.00    0.00   72.16
01:14:32 PM    2   18.56    0.00   11.34    0.00    0.00    6.19    0.00    0.00    0.00   63.92
01:14:32 PM    3   23.16    0.00    8.42    0.00    0.00    0.00    0.00    0.00    0.00   68.42
01:14:32 PM    4   37.37    0.00   23.23    0.00    0.00    0.00    0.00    0.00    0.00   39.39
01:14:32 PM    5   26.32    0.00   24.21    0.00    0.00    7.37    0.00    0.00    0.00   42.11
01:14:32 PM    6   28.72    0.00   22.34    0.00    0.00    0.00    0.00    0.00    0.00   48.94
01:14:32 PM    7   24.49    0.00   22.45    0.00    0.00    0.00    0.00    0.00    0.00   53.06

01:14:32 PM  CPU    %usr   %nice    %sys %iowait    %irq   %soft  %steal  %guest  %gnice   %idle
01:14:33 PM  all   25.39    0.00   16.32    0.00    0.00    8.55    0.00    0.00    0.00   49.74
01:14:33 PM    0   11.22    0.00   12.24    0.00    0.00   53.06    0.00    0.00    0.00   23.47
01:14:33 PM    1   28.57    0.00    9.18    0.00    0.00    0.00    0.00    0.00    0.00   62.24
01:14:33 PM    2   28.28    0.00   12.12    0.00    0.00    7.07    0.00    0.00    0.00   52.53
01:14:33 PM    3   25.00    0.00   12.00    0.00    0.00    0.00    0.00    0.00    0.00   63.00
01:14:33 PM    4   22.83    0.00   25.00    0.00    0.00    0.00    0.00    0.00    0.00   52.17
01:14:33 PM    5   29.03    0.00   20.43    0.00    0.00    7.53    0.00    0.00    0.00   43.01
01:14:33 PM    6   29.47    0.00   18.95    0.00    0.00    0.00    0.00    0.00    0.00   51.58
01:14:33 PM    7   28.87    0.00   21.65    0.00    0.00    0.00    0.00    0.00    0.00   49.48

01:14:33 PM  CPU    %usr   %nice    %sys %iowait    %irq   %soft  %steal  %guest  %gnice   %idle
01:14:34 PM  all   27.12    0.00   18.64    0.00    0.00    9.52    0.00    0.00    0.00   44.72
01:14:34 PM    0    9.18    0.00    5.10    0.00    0.00   61.22    0.00    0.00    0.00   24.49
01:14:34 PM    1   17.53    0.00    8.25    0.00    0.00    0.00    0.00    0.00    0.00   74.23
01:14:34 PM    2   15.96    0.00    8.51    0.00    0.00    5.32    0.00    0.00    0.00   70.21
01:14:34 PM    3   16.00    0.00    7.00    0.00    0.00    0.00    0.00    0.00    0.00   77.00
01:14:34 PM    4   34.41    0.00   38.71    0.00    0.00    0.00    0.00    0.00    0.00   26.88
01:14:34 PM    5   40.21    0.00   29.90    0.00    0.00    8.25    0.00    0.00    0.00   21.65
01:14:34 PM    6   42.71    0.00   27.08    0.00    0.00    0.00    0.00    0.00    0.00   30.21
01:14:34 PM    7   42.39    0.00   26.09    0.00    0.00    0.00    0.00    0.00    0.00   31.52

01:14:34 PM  CPU    %usr   %nice    %sys %iowait    %irq   %soft  %steal  %guest  %gnice   %idle
01:14:35 PM  all   25.39    0.00   16.54    0.00    0.00    8.85    0.00    0.00    0.00   49.22
01:14:35 PM    0   10.31    0.00    8.25    0.00    0.00   56.70    0.00    0.00    0.00   24.74
01:14:35 PM    1   21.43    0.00   13.27    0.00    0.00    0.00    0.00    0.00    0.00   65.31
01:14:35 PM    2   22.11    0.00   11.58    0.00    0.00    7.37    0.00    0.00    0.00   58.95
01:14:35 PM    3   29.90    0.00   11.34    0.00    0.00    0.00    0.00    0.00    0.00   58.76
01:14:35 PM    4   31.25    0.00   22.92    0.00    0.00    0.00    0.00    0.00    0.00   45.83
01:14:35 PM    5   29.79    0.00   22.34    0.00    0.00    6.38    0.00    0.00    0.00   41.49
01:14:35 PM    6   29.03    0.00   17.20    0.00    0.00    0.00    0.00    0.00    0.00   53.76
01:14:35 PM    7   29.59    0.00   25.51    0.00    0.00    0.00    0.00    0.00    0.00   44.90

01:14:35 PM  CPU    %usr   %nice    %sys %iowait    %irq   %soft  %steal  %guest  %gnice   %idle
01:14:36 PM  all   26.07    0.00   17.25    0.00    0.00    9.73    0.00    0.00    0.00   46.95
01:14:36 PM    0    6.19    0.00    9.28    0.00    0.00   61.86    0.00    0.00    0.00   22.68
01:14:36 PM    1   19.79    0.00   10.42    0.00    0.00    0.00    0.00    0.00    0.00   69.79
01:14:36 PM    2   21.65    0.00   10.31    0.00    0.00    8.25    0.00    0.00    0.00   59.79
01:14:36 PM    3   23.16    0.00    7.37    0.00    0.00    0.00    0.00    0.00    0.00   69.47
01:14:36 PM    4   34.69    0.00   25.51    0.00    0.00    0.00    0.00    0.00    0.00   39.80
01:14:36 PM    5   32.99    0.00   27.84    0.00    0.00    7.22    0.00    0.00    0.00   31.96
01:14:36 PM    6   37.89    0.00   22.11    0.00    0.00    0.00    0.00    0.00    0.00   40.00
01:14:36 PM    7   32.29    0.00   25.00    0.00    0.00    0.00    0.00    0.00    0.00   42.71

01:14:36 PM  CPU    %usr   %nice    %sys %iowait    %irq   %soft  %steal  %guest  %gnice   %idle
01:14:37 PM  all   25.29    0.00   18.64    0.00    0.00    8.87    0.00    0.00    0.00   47.20
01:14:37 PM    0    6.32    0.00   12.63    0.00    0.00   57.89    0.00    0.00    0.00   23.16
01:14:37 PM    1   21.65    0.00   10.31    0.00    0.00    0.00    0.00    0.00    0.00   68.04
01:14:37 PM    2   21.88    0.00    6.25    0.00    0.00    7.29    0.00    0.00    0.00   64.58
01:14:37 PM    3   22.22    0.00   15.15    0.00    0.00    0.00    0.00    0.00    0.00   62.63
01:14:37 PM    4   32.63    0.00   29.47    0.00    0.00    0.00    0.00    0.00    0.00   37.89
01:14:37 PM    5   33.33    0.00   21.11    0.00    0.00    6.67    0.00    0.00    0.00   38.89
01:14:37 PM    6   32.32    0.00   28.28    0.00    0.00    0.00    0.00    0.00    0.00   39.39
01:14:37 PM    7   32.29    0.00   26.04    0.00    0.00    0.00    0.00    0.00    0.00   41.67

01:14:37 PM  CPU    %usr   %nice    %sys %iowait    %irq   %soft  %steal  %guest  %gnice   %idle
01:14:38 PM  all   25.55    0.00   17.60    0.00    0.00    9.91    0.00    0.00    0.00   46.94
01:14:38 PM    0    8.33    0.00    5.21    0.00    0.00   60.42    0.00    0.00    0.00   26.04
01:14:38 PM    1   23.47    0.00   15.31    0.00    0.00    0.00    0.00    0.00    0.00   61.22
01:14:38 PM    2   21.65    0.00   10.31    0.00    0.00    9.28    0.00    0.00    0.00   58.76
01:14:38 PM    3   21.65    0.00    8.25    0.00    0.00    0.00    0.00    0.00    0.00   70.10
01:14:38 PM    4   33.33    0.00   30.11    0.00    0.00    0.00    0.00    0.00    0.00   36.56
01:14:38 PM    5   36.46    0.00   21.88    0.00    0.00    9.38    0.00    0.00    0.00   32.29
01:14:38 PM    6   28.87    0.00   26.80    0.00    0.00    0.00    0.00    0.00    0.00   44.33
01:14:38 PM    7   31.18    0.00   23.66    0.00    0.00    0.00    0.00    0.00    0.00   45.16

01:14:38 PM  CPU    %usr   %nice    %sys %iowait    %irq   %soft  %steal  %guest  %gnice   %idle
01:14:39 PM  all   22.61    0.00   14.64    0.00    0.00    8.76    0.00    0.00    0.00   53.99
01:14:39 PM    0   16.33    0.00    7.14    0.00    0.00   52.04    0.00    0.00    0.00   24.49
01:14:39 PM    1   25.00    0.00   10.42    0.00    0.00    0.00    0.00    0.00    0.00   64.58
01:14:39 PM    2   24.47    0.00   12.77    0.00    0.00    9.57    0.00    0.00    0.00   53.19
01:14:39 PM    3   27.55    0.00   13.27    0.00    0.00    1.02    0.00    0.00    0.00   58.16
01:14:39 PM    4   24.73    0.00   19.35    0.00    0.00    0.00    0.00    0.00    0.00   55.91
01:14:39 PM    5   22.11    0.00   18.95    0.00    0.00    6.32    0.00    0.00    0.00   52.63
01:14:39 PM    6   19.15    0.00   15.96    0.00    0.00    0.00    0.00    0.00    0.00   64.89
01:14:39 PM    7   21.65    0.00   19.59    0.00    0.00    0.00    0.00    0.00    0.00   58.76

01:14:39 PM  CPU    %usr   %nice    %sys %iowait    %irq   %soft  %steal  %guest  %gnice   %idle
01:14:40 PM  all   24.25    0.00   14.92    0.00    0.00    9.47    0.00    0.00    0.00   51.36
01:14:40 PM    0   11.00    0.00    8.00    0.00    0.00   58.00    0.00    0.00    0.00   23.00
01:14:40 PM    1   24.74    0.00   11.34    0.00    0.00    0.00    0.00    0.00    0.00   63.92
01:14:40 PM    2   22.45    0.00   12.24    0.00    0.00    9.18    0.00    0.00    0.00   56.12
01:14:40 PM    3   25.26    0.00   10.53    0.00    0.00    0.00    0.00    0.00    0.00   64.21
01:14:40 PM    4   29.59    0.00   21.43    0.00    0.00    0.00    0.00    0.00    0.00   48.98
01:14:40 PM    5   27.96    0.00   19.35    0.00    0.00    6.45    0.00    0.00    0.00   46.24
01:14:40 PM    6   26.80    0.00   19.59    0.00    0.00    0.00    0.00    0.00    0.00   53.61
01:14:40 PM    7   26.88    0.00   17.20    0.00    0.00    0.00    0.00    0.00    0.00   55.91

01:14:40 PM  CPU    %usr   %nice    %sys %iowait    %irq   %soft  %steal  %guest  %gnice   %idle
01:14:41 PM  all   23.01    0.00   15.95    0.00    0.00   10.07    0.00    0.00    0.00   50.98
01:14:41 PM    0    9.28    0.00    7.22    0.00    0.00   60.82    0.00    0.00    0.00   22.68
01:14:41 PM    1   20.62    0.00   12.37    0.00    0.00    0.00    0.00    0.00    0.00   67.01
01:14:41 PM    2   23.40    0.00    8.51    0.00    0.00    9.57    0.00    0.00    0.00   58.51
01:14:41 PM    3   26.80    0.00   14.43    0.00    0.00    0.00    0.00    0.00    0.00   58.76
01:14:41 PM    4   26.80    0.00   26.80    0.00    0.00    0.00    0.00    0.00    0.00   46.39
01:14:41 PM    5   23.66    0.00   17.20    0.00    0.00    9.68    0.00    0.00    0.00   49.46
01:14:41 PM    6   29.47    0.00   17.89    0.00    0.00    0.00    0.00    0.00    0.00   52.63
01:14:41 PM    7   24.21    0.00   23.16    0.00    0.00    0.00    0.00    0.00    0.00   52.63

01:14:41 PM  CPU    %usr   %nice    %sys %iowait    %irq   %soft  %steal  %guest  %gnice   %idle
01:14:42 PM  all   24.58    0.00   16.82    0.00    0.00    8.80    0.00    0.00    0.00   49.81
01:14:42 PM    0    8.25    0.00    9.28    0.00    0.00   54.64    0.00    0.00    0.00   27.84
01:14:42 PM    1   16.49    0.00    7.22    0.00    0.00    0.00    0.00    0.00    0.00   76.29
01:14:42 PM    2   14.58    0.00    7.29    0.00    0.00    8.33    0.00    0.00    0.00   69.79
01:14:42 PM    3   13.13    0.00    6.06    0.00    0.00    0.00    0.00    0.00    0.00   80.81
01:14:42 PM    4   35.42    0.00   29.17    0.00    0.00    0.00    0.00    0.00    0.00   35.42
01:14:42 PM    5   37.50    0.00   26.04    0.00    0.00    7.29    0.00    0.00    0.00   29.17
01:14:42 PM    6   38.14    0.00   21.65    0.00    0.00    0.00    0.00    0.00    0.00   40.21
01:14:42 PM    7   33.68    0.00   28.42    0.00    0.00    0.00    0.00    0.00    0.00   37.89

01:14:42 PM  CPU    %usr   %nice    %sys %iowait    %irq   %soft  %steal  %guest  %gnice   %idle
01:14:43 PM  all   25.13    0.00   17.62    0.00    0.00    8.55    0.00    0.00    0.00   48.70
01:14:43 PM    0   11.22    0.00   11.22    0.00    0.00   56.12    0.00    0.00    0.00   21.43
01:14:43 PM    1   26.26    0.00   13.13    0.00    0.00    0.00    0.00    0.00    0.00   60.61
01:14:43 PM    2   28.87    0.00   14.43    0.00    0.00    7.22    0.00    0.00    0.00   49.48
01:14:43 PM    3   28.12    0.00    9.38    0.00    0.00    0.00    0.00    0.00    0.00   62.50
01:14:43 PM    4   26.04    0.00   25.00    0.00    0.00    0.00    0.00    0.00    0.00   48.96
01:14:43 PM    5   25.26    0.00   27.37    0.00    0.00    4.21    0.00    0.00    0.00   43.16
01:14:43 PM    6   25.81    0.00   20.43    0.00    0.00    0.00    0.00    0.00    0.00   53.76
01:14:43 PM    7   29.59    0.00   20.41    0.00    0.00    0.00    0.00    0.00    0.00   50.00

01:14:43 PM  CPU    %usr   %nice    %sys %iowait    %irq   %soft  %steal  %guest  %gnice   %idle
01:14:44 PM  all   24.38    0.00   17.12    0.00    0.00    8.30    0.00    0.00    0.00   50.19
01:14:44 PM    0   14.00    0.00   13.00    0.00    0.00   54.00    0.00    0.00    0.00   19.00
01:14:44 PM    1   21.88    0.00    6.25    0.00    0.00    0.00    0.00    0.00    0.00   71.88
01:14:44 PM    2   17.53    0.00   12.37    0.00    0.00    6.19    0.00    0.00    0.00   63.92
01:14:44 PM    3   21.88    0.00   13.54    0.00    0.00    0.00    0.00    0.00    0.00   64.58
01:14:44 PM    4   32.63    0.00   23.16    0.00    0.00    0.00    0.00    0.00    0.00   44.21
01:14:44 PM    5   31.91    0.00   19.15    0.00    0.00    4.26    0.00    0.00    0.00   44.68
01:14:44 PM    6   26.04    0.00   25.00    0.00    0.00    0.00    0.00    0.00    0.00   48.96
01:14:44 PM    7   29.90    0.00   24.74    0.00    0.00    0.00    0.00    0.00    0.00   45.36

01:14:44 PM  CPU    %usr   %nice    %sys %iowait    %irq   %soft  %steal  %guest  %gnice   %idle
01:14:45 PM  all   26.70    0.00   16.69    0.00    0.00    8.09    0.00    0.00    0.00   48.52
01:14:45 PM    0   10.42    0.00    7.29    0.00    0.00   55.21    0.00    0.00    0.00   27.08
01:14:45 PM    1   22.68    0.00    6.19    0.00    0.00    0.00    0.00    0.00    0.00   71.13
01:14:45 PM    2   25.00    0.00    7.29    0.00    0.00    4.17    0.00    0.00    0.00   63.54
01:14:45 PM    3   18.18    0.00    7.07    0.00    0.00    0.00    0.00    0.00    0.00   74.75
01:14:45 PM    4   35.79    0.00   26.32    0.00    0.00    0.00    0.00    0.00    0.00   37.89
01:14:45 PM    5   34.69    0.00   24.49    0.00    0.00    6.12    0.00    0.00    0.00   34.69
01:14:45 PM    6   34.69    0.00   26.53    0.00    0.00    0.00    0.00    0.00    0.00   38.78
01:14:45 PM    7   32.00    0.00   28.00    0.00    0.00    0.00    0.00    0.00    0.00   40.00

01:14:45 PM  CPU    %usr   %nice    %sys %iowait    %irq   %soft  %steal  %guest  %gnice   %idle
01:14:46 PM  all   25.23    0.00   17.12    0.00    0.00    9.27    0.00    0.00    0.00   48.39
01:14:46 PM    0   11.00    0.00    9.00    0.00    0.00   58.00    0.00    0.00    0.00   22.00
01:14:46 PM    1   19.79    0.00   10.42    0.00    0.00    0.00    0.00    0.00    0.00   69.79
01:14:46 PM    2   18.75    0.00    9.38    0.00    0.00    8.33    0.00    0.00    0.00   63.54
01:14:46 PM    3   18.18    0.00   12.12    0.00    0.00    0.00    0.00    0.00    0.00   69.70
01:14:46 PM    4   35.05    0.00   23.71    0.00    0.00    0.00    0.00    0.00    0.00   41.24
01:14:46 PM    5   34.38    0.00   22.92    0.00    0.00    6.25    0.00    0.00    0.00   36.46
01:14:46 PM    6   34.34    0.00   24.24    0.00    0.00    0.00    0.00    0.00    0.00   41.41
01:14:46 PM    7   30.85    0.00   25.53    0.00    0.00    0.00    0.00    0.00    0.00   43.62

01:14:46 PM  CPU    %usr   %nice    %sys %iowait    %irq   %soft  %steal  %guest  %gnice   %idle
01:14:47 PM  all   24.80    0.00   18.64    0.00    0.00    8.27    0.00    0.00    0.00   48.29
01:14:47 PM    0    9.57    0.00    8.51    0.00    0.00   54.26    0.00    0.00    0.00   27.66
01:14:47 PM    1   15.62    0.00   11.46    0.00    0.00    0.00    0.00    0.00    0.00   72.92
01:14:47 PM    2   16.49    0.00    7.22    0.00    0.00    5.15    0.00    0.00    0.00   71.13
01:14:47 PM    3   14.29    0.00    6.12    0.00    0.00    0.00    0.00    0.00    0.00   79.59
01:14:47 PM    4   37.23    0.00   35.11    0.00    0.00    0.00    0.00    0.00    0.00   27.66
01:14:47 PM    5   32.99    0.00   29.90    0.00    0.00    7.22    0.00    0.00    0.00   29.90
01:14:47 PM    6   36.96    0.00   26.09    0.00    0.00    0.00    0.00    0.00    0.00   36.96
01:14:47 PM    7   36.17    0.00   25.53    0.00    0.00    0.00    0.00    0.00    0.00   38.30

01:14:47 PM  CPU    %usr   %nice    %sys %iowait    %irq   %soft  %steal  %guest  %gnice   %idle
01:14:48 PM  all   27.24    0.00   15.86    0.00    0.00    8.95    0.00    0.00    0.00   47.95
01:14:48 PM    0   13.40    0.00    6.19    0.00    0.00   57.73    0.00    0.00    0.00   22.68
01:14:48 PM    1   23.16    0.00    8.42    0.00    0.00    0.00    0.00    0.00    0.00   68.42
01:14:48 PM    2   26.00    0.00   14.00    0.00    0.00    7.00    0.00    0.00    0.00   53.00
01:14:48 PM    3   28.12    0.00   14.58    0.00    0.00    0.00    0.00    0.00    0.00   57.29
01:14:48 PM    4   33.33    0.00   26.26    0.00    0.00    0.00    0.00    0.00    0.00   40.40
01:14:48 PM    5   31.63    0.00   19.39    0.00    0.00    7.14    0.00    0.00    0.00   41.84
01:14:48 PM    6   31.00    0.00   21.00    0.00    0.00    0.00    0.00    0.00    0.00   48.00
01:14:48 PM    7   30.93    0.00   16.49    0.00    0.00    0.00    0.00    0.00    0.00   52.58

01:14:48 PM  CPU    %usr   %nice    %sys %iowait    %irq   %soft  %steal  %guest  %gnice   %idle
01:14:49 PM  all   23.89    0.00   15.93    0.00    0.00    9.01    0.00    0.00    0.00   51.17
01:14:49 PM    0   10.00    0.00    6.00    0.00    0.00   58.00    0.00    0.00    0.00   26.00
01:14:49 PM    1   26.00    0.00   17.00    0.00    0.00    0.00    0.00    0.00    0.00   57.00
01:14:49 PM    2   30.11    0.00   11.83    0.00    0.00    6.45    0.00    0.00    0.00   51.61
01:14:49 PM    3   26.04    0.00   15.62    0.00    0.00    0.00    0.00    0.00    0.00   58.33
01:14:49 PM    4   22.68    0.00   23.71    0.00    0.00    0.00    0.00    0.00    0.00   53.61
01:14:49 PM    5   25.00    0.00   20.65    0.00    0.00    5.43    0.00    0.00    0.00   48.91
01:14:49 PM    6   27.66    0.00   14.89    0.00    0.00    0.00    0.00    0.00    0.00   57.45
01:14:49 PM    7   24.47    0.00   18.09    0.00    0.00    0.00    0.00    0.00    0.00   57.45

01:14:49 PM  CPU    %usr   %nice    %sys %iowait    %irq   %soft  %steal  %guest  %gnice   %idle
01:14:50 PM  all   24.03    0.00   15.63    0.39    0.00    9.04    0.00    0.00    0.00   50.90
01:14:50 PM    0   11.22    0.00    8.16    0.00    0.00   56.12    0.00    0.00    0.00   24.49
01:14:50 PM    1   22.00    0.00   14.00    1.00    0.00    0.00    0.00    0.00    0.00   63.00
01:14:50 PM    2   23.96    0.00    8.33    0.00    0.00    7.29    0.00    0.00    0.00   60.42
01:14:50 PM    3   26.53    0.00    9.18    1.02    0.00    0.00    0.00    0.00    0.00   63.27
01:14:50 PM    4   30.43    0.00   22.83    0.00    0.00    0.00    0.00    0.00    0.00   46.74
01:14:50 PM    5   28.28    0.00   20.20    1.01    0.00    8.08    0.00    0.00    0.00   42.42
01:14:50 PM    6   23.71    0.00   22.68    0.00    0.00    0.00    0.00    0.00    0.00   53.61
01:14:50 PM    7   26.60    0.00   20.21    0.00    0.00    0.00    0.00    0.00    0.00   53.19

01:14:50 PM  CPU    %usr   %nice    %sys %iowait    %irq   %soft  %steal  %guest  %gnice   %idle
01:14:51 PM  all   24.18    0.00   15.56    0.00    0.00    8.89    0.00    0.00    0.00   51.37
01:14:51 PM    0   10.42    0.00   10.42    0.00    0.00   55.21    0.00    0.00    0.00   23.96
01:14:51 PM    1   21.88    0.00   12.50    0.00    0.00    0.00    0.00    0.00    0.00   65.62
01:14:51 PM    2   26.00    0.00    8.00    0.00    0.00    9.00    0.00    0.00    0.00   57.00
01:14:51 PM    3   22.92    0.00    8.33    0.00    0.00    0.00    0.00    0.00    0.00   68.75
01:14:51 PM    4   27.66    0.00   23.40    0.00    0.00    0.00    0.00    0.00    0.00   48.94
01:14:51 PM    5   28.42    0.00   22.11    0.00    0.00    6.32    0.00    0.00    0.00   43.16
01:14:51 PM    6   29.35    0.00   20.65    0.00    0.00    0.00    0.00    0.00    0.00   50.00
01:14:51 PM    7   27.08    0.00   19.79    0.00    0.00    0.00    0.00    0.00    0.00   53.12

01:14:51 PM  CPU    %usr   %nice    %sys %iowait    %irq   %soft  %steal  %guest  %gnice   %idle
01:14:52 PM  all   23.08    0.00   14.60    0.00    0.00    7.56    0.00    0.00    0.00   54.76
01:14:52 PM    0    9.47    0.00    9.47    0.00    0.00   49.47    0.00    0.00    0.00   31.58
01:14:52 PM    1   19.19    0.00   11.11    0.00    0.00    0.00    0.00    0.00    0.00   69.70
01:14:52 PM    2   20.00    0.00    9.47    0.00    0.00    5.26    0.00    0.00    0.00   65.26
01:14:52 PM    3   20.79    0.00   11.88    0.00    0.00    0.00    0.00    0.00    0.00   67.33
01:14:52 PM    4   30.53    0.00   21.05    0.00    0.00    0.00    0.00    0.00    0.00   48.42
01:14:52 PM    5   27.37    0.00   17.89    0.00    0.00    6.32    0.00    0.00    0.00   48.42
01:14:52 PM    6   30.21    0.00   18.75    0.00    0.00    0.00    0.00    0.00    0.00   51.04
01:14:52 PM    7   27.47    0.00   17.58    0.00    0.00    0.00    0.00    0.00    0.00   54.95

01:14:52 PM  CPU    %usr   %nice    %sys %iowait    %irq   %soft  %steal  %guest  %gnice   %idle
01:14:53 PM  all   26.43    0.00   16.02    0.00    0.00    9.11    0.00    0.00    0.00   48.44
01:14:53 PM    0   10.87    0.00    5.43    0.00    0.00   58.70    0.00    0.00    0.00   25.00
01:14:53 PM    1   28.87    0.00   13.40    0.00    0.00    0.00    0.00    0.00    0.00   57.73
01:14:53 PM    2   23.71    0.00   15.46    0.00    0.00    7.22    0.00    0.00    0.00   53.61
01:14:53 PM    3   27.84    0.00   10.31    0.00    0.00    0.00    0.00    0.00    0.00   61.86
01:14:53 PM    4   32.29    0.00   25.00    0.00    0.00    0.00    0.00    0.00    0.00   42.71
01:14:53 PM    5   28.00    0.00   20.00    0.00    0.00    9.00    0.00    0.00    0.00   43.00
01:14:53 PM    6   28.57    0.00   19.78    0.00    0.00    0.00    0.00    0.00    0.00   51.65
01:14:53 PM    7   30.61    0.00   18.37    0.00    0.00    0.00    0.00    0.00    0.00   51.02

01:14:53 PM  CPU    %usr   %nice    %sys %iowait    %irq   %soft  %steal  %guest  %gnice   %idle
01:14:54 PM  all   23.46    0.00   15.26    0.00    0.00    9.36    0.00    0.00    0.00   51.92
01:14:54 PM    0    7.14    0.00    9.18    0.00    0.00   58.16    0.00    0.00    0.00   25.51
01:14:54 PM    1   20.00    0.00   17.89    0.00    0.00    0.00    0.00    0.00    0.00   62.11
01:14:54 PM    2   24.49    0.00   15.31    0.00    0.00    8.16    0.00    0.00    0.00   52.04
01:14:54 PM    3   26.53    0.00   10.20    0.00    0.00    0.00    0.00    0.00    0.00   63.27
01:14:54 PM    4   31.00    0.00   22.00    0.00    0.00    0.00    0.00    0.00    0.00   47.00
01:14:54 PM    5   23.23    0.00   21.21    0.00    0.00    8.08    0.00    0.00    0.00   47.47
01:14:54 PM    6   29.47    0.00   12.63    0.00    0.00    0.00    0.00    0.00    0.00   57.89
01:14:54 PM    7   25.77    0.00   13.40    0.00    0.00    0.00    0.00    0.00    0.00   60.82

01:14:54 PM  CPU    %usr   %nice    %sys %iowait    %irq   %soft  %steal  %guest  %gnice   %idle
01:14:55 PM  all   22.93    0.00   13.73    0.00    0.00    8.94    0.00    0.00    0.00   54.40
01:14:55 PM    0    8.25    0.00    9.28    0.00    0.00   53.61    0.00    0.00    0.00   28.87
01:14:55 PM    1   25.77    0.00   10.31    0.00    0.00    0.00    0.00    0.00    0.00   63.92
01:14:55 PM    2   23.71    0.00    8.25    0.00    0.00    9.28    0.00    0.00    0.00   58.76
01:14:55 PM    3   28.28    0.00   13.13    0.00    0.00    0.00    0.00    0.00    0.00   58.59
01:14:55 PM    4   24.73    0.00   20.43    0.00    0.00    0.00    0.00    0.00    0.00   54.84
01:14:55 PM    5   26.04    0.00   13.54    0.00    0.00    8.33    0.00    0.00    0.00   52.08
01:14:55 PM    6   26.80    0.00   17.53    0.00    0.00    0.00    0.00    0.00    0.00   55.67
01:14:55 PM    7   19.79    0.00   17.71    0.00    0.00    0.00    0.00    0.00    0.00   62.50

01:14:55 PM  CPU    %usr   %nice    %sys %iowait    %irq   %soft  %steal  %guest  %gnice   %idle
01:14:56 PM  all   25.68    0.00   18.64    0.00    0.00    9.26    0.00    0.00    0.00   46.41
01:14:56 PM    0   12.24    0.00    7.14    0.00    0.00   56.12    0.00    0.00    0.00   24.49
01:14:56 PM    1   19.39    0.00    9.18    0.00    0.00    0.00    0.00    0.00    0.00   71.43
01:14:56 PM    2   21.21    0.00    8.08    0.00    0.00    8.08    0.00    0.00    0.00   62.63
01:14:56 PM    3   18.56    0.00   11.34    0.00    0.00    0.00    0.00    0.00    0.00   70.10
01:14:56 PM    4   36.56    0.00   29.03    0.00    0.00    0.00    0.00    0.00    0.00   34.41
01:14:56 PM    5   34.41    0.00   25.81    0.00    0.00    8.60    0.00    0.00    0.00   31.18
01:14:56 PM    6   34.04    0.00   28.72    0.00    0.00    0.00    0.00    0.00    0.00   37.23
01:14:56 PM    7   30.53    0.00   31.58    0.00    0.00    0.00    0.00    0.00    0.00   37.89

01:14:56 PM  CPU    %usr   %nice    %sys %iowait    %irq   %soft  %steal  %guest  %gnice   %idle
01:14:57 PM  all   22.80    0.00   16.84    0.00    0.00    8.29    0.00    0.00    0.00   52.07
01:14:57 PM    0    8.25    0.00    9.28    0.00    0.00   52.58    0.00    0.00    0.00   29.90
01:14:57 PM    1   20.41    0.00   12.24    0.00    0.00    0.00    0.00    0.00    0.00   67.35
01:14:57 PM    2   19.39    0.00    7.14    0.00    0.00    8.16    0.00    0.00    0.00   65.31
01:14:57 PM    3   13.40    0.00    9.28    0.00    0.00    0.00    0.00    0.00    0.00   77.32
01:14:57 PM    4   34.02    0.00   23.71    0.00    0.00    0.00    0.00    0.00    0.00   42.27
01:14:57 PM    5   32.29    0.00   23.96    0.00    0.00    5.21    0.00    0.00    0.00   38.54
01:14:57 PM    6   27.08    0.00   26.04    0.00    0.00    0.00    0.00    0.00    0.00   46.88
01:14:57 PM    7   27.96    0.00   23.66    0.00    0.00    0.00    0.00    0.00    0.00   48.39

01:14:57 PM  CPU    %usr   %nice    %sys %iowait    %irq   %soft  %steal  %guest  %gnice   %idle
01:14:58 PM  all   26.49    0.00   17.79    0.00    0.00    8.70    0.00    0.00    0.00   47.01
01:14:58 PM    0    7.37    0.00    9.47    0.00    0.00   57.89    0.00    0.00    0.00   25.26
01:14:58 PM    1   20.41    0.00    9.18    0.00    0.00    0.00    0.00    0.00    0.00   70.41
01:14:58 PM    2   24.21    0.00   10.53    0.00    0.00    6.32    0.00    0.00    0.00   58.95
01:14:58 PM    3   26.73    0.00   15.84    0.00    0.00    0.00    0.00    0.00    0.00   57.43
01:14:58 PM    4   30.85    0.00   29.79    0.00    0.00    0.00    0.00    0.00    0.00   39.36
01:14:58 PM    5   32.98    0.00   22.34    0.00    0.00    6.38    0.00    0.00    0.00   38.30
01:14:58 PM    6   31.96    0.00   26.80    0.00    0.00    0.00    0.00    0.00    0.00   41.24
01:14:58 PM    7   37.50    0.00   18.75    0.00    0.00    0.00    0.00    0.00    0.00   43.75

01:14:58 PM  CPU    %usr   %nice    %sys %iowait    %irq   %soft  %steal  %guest  %gnice   %idle
01:14:59 PM  all   22.64    0.00   15.05    0.00    0.00    8.12    0.00    0.00    0.00   54.19
01:14:59 PM    0   12.63    0.00   12.63    0.00    0.00   48.42    0.00    0.00    0.00   26.32
01:14:59 PM    1   17.35    0.00    9.18    0.00    0.00    1.02    0.00    0.00    0.00   72.45
01:14:59 PM    2   19.59    0.00   10.31    0.00    0.00    7.22    0.00    0.00    0.00   62.89
01:14:59 PM    3   21.28    0.00    8.51    0.00    0.00    0.00    0.00    0.00    0.00   70.21
01:14:59 PM    4   29.35    0.00   19.57    0.00    0.00    0.00    0.00    0.00    0.00   51.09
01:14:59 PM    5   26.60    0.00   17.02    0.00    0.00    8.51    0.00    0.00    0.00   47.87
01:14:59 PM    6   28.87    0.00   19.59    0.00    0.00    0.00    0.00    0.00    0.00   51.55
01:14:59 PM    7   25.77    0.00   23.71    0.00    0.00    0.00    0.00    0.00    0.00   50.52

01:14:59 PM  CPU    %usr   %nice    %sys %iowait    %irq   %soft  %steal  %guest  %gnice   %idle
01:15:00 PM  all   23.42    0.00   16.60    0.13    0.00    8.49    0.00    0.00    0.00   51.35
01:15:00 PM    0    9.28    0.00   13.40    0.00    0.00   53.61    0.00    0.00    0.00   23.71
01:15:00 PM    1   18.95    0.00    8.42    1.05    0.00    0.00    0.00    0.00    0.00   71.58
01:15:00 PM    2   21.65    0.00    8.25    0.00    0.00    8.25    0.00    0.00    0.00   61.86
01:15:00 PM    3   22.22    0.00   15.15    0.00    0.00    0.00    0.00    0.00    0.00   62.63
01:15:00 PM    4   26.26    0.00   26.26    0.00    0.00    0.00    0.00    0.00    0.00   47.47
01:15:00 PM    5   29.47    0.00   20.00    0.00    0.00    6.32    0.00    0.00    0.00   44.21
01:15:00 PM    6   28.12    0.00   23.96    0.00    0.00    0.00    0.00    0.00    0.00   47.92
01:15:00 PM    7   31.31    0.00   17.17    0.00    0.00    0.00    0.00    0.00    0.00   51.52

01:15:00 PM  CPU    %usr   %nice    %sys %iowait    %irq   %soft  %steal  %guest  %gnice   %idle
01:15:01 PM  all   23.61    0.00   17.42    0.00    0.00    8.39    0.00    0.00    0.00   50.58
01:15:01 PM    0   10.31    0.00    9.28    0.00    0.00   52.58    0.00    0.00    0.00   27.84
01:15:01 PM    1   15.46    0.00    8.25    0.00    0.00    0.00    0.00    0.00    0.00   76.29
01:15:01 PM    2   17.89    0.00    9.47    0.00    0.00    6.32    0.00    0.00    0.00   66.32
01:15:01 PM    3   19.00    0.00    8.00    0.00    0.00    0.00    0.00    0.00    0.00   73.00
01:15:01 PM    4   29.90    0.00   30.93    0.00    0.00    0.00    0.00    0.00    0.00   39.18
01:15:01 PM    5   29.47    0.00   25.26    0.00    0.00    8.42    0.00    0.00    0.00   36.84
01:15:01 PM    6   30.61    0.00   26.53    0.00    0.00    0.00    0.00    0.00    0.00   42.86
01:15:01 PM    7   36.46    0.00   21.88    0.00    0.00    0.00    0.00    0.00    0.00   41.67

01:15:01 PM  CPU    %usr   %nice    %sys %iowait    %irq   %soft  %steal  %guest  %gnice   %idle
01:15:02 PM  all   22.14    0.00   15.10    0.00    0.00    8.46    0.00    0.00    0.00   54.30
01:15:02 PM    0   12.63    0.00    7.37    0.00    0.00   53.68    0.00    0.00    0.00   26.32
01:15:02 PM    1   25.81    0.00   12.90    0.00    0.00    0.00    0.00    0.00    0.00   61.29
01:15:02 PM    2   27.08    0.00   11.46    0.00    0.00    8.33    0.00    0.00    0.00   53.12
01:15:02 PM    3   25.26    0.00   13.68    0.00    0.00    0.00    0.00    0.00    0.00   61.05
01:15:02 PM    4   20.83    0.00   16.67    0.00    0.00    0.00    0.00    0.00    0.00   62.50
01:15:02 PM    5   22.45    0.00   20.41    0.00    0.00    6.12    0.00    0.00    0.00   51.02
01:15:02 PM    6   24.00    0.00   17.00    0.00    0.00    0.00    0.00    0.00    0.00   59.00
01:15:02 PM    7   18.95    0.00   21.05    0.00    0.00    0.00    0.00    0.00    0.00   60.00

01:15:02 PM  CPU    %usr   %nice    %sys %iowait    %irq   %soft  %steal  %guest  %gnice   %idle
01:15:03 PM  all   23.23    0.00   15.40    0.00    0.00    8.47    0.00    0.00    0.00   52.89
01:15:03 PM    0   10.31    0.00    5.15    0.00    0.00   57.73    0.00    0.00    0.00   26.80
01:15:03 PM    1   28.57    0.00   17.35    0.00    0.00    0.00    0.00    0.00    0.00   54.08
01:15:03 PM    2   28.57    0.00   19.39    0.00    0.00    5.10    0.00    0.00    0.00   46.94
01:15:03 PM    3   23.71    0.00   12.37    0.00    0.00    0.00    0.00    0.00    0.00   63.92
01:15:03 PM    4   25.51    0.00   17.35    0.00    0.00    0.00    0.00    0.00    0.00   57.14
01:15:03 PM    5   21.88    0.00   16.67    0.00    0.00    5.21    0.00    0.00    0.00   56.25
01:15:03 PM    6   24.24    0.00   19.19    0.00    0.00    0.00    0.00    0.00    0.00   56.57
01:15:03 PM    7   22.92    0.00   15.62    0.00    0.00    0.00    0.00    0.00    0.00   61.46

01:15:03 PM  CPU    %usr   %nice    %sys %iowait    %irq   %soft  %steal  %guest  %gnice   %idle
01:15:04 PM  all   26.98    0.00   15.82    0.00    0.00    9.73    0.00    0.00    0.00   47.47
01:15:04 PM    0    6.06    0.00    7.07    0.00    0.00   61.62    0.00    0.00    0.00   25.25
01:15:04 PM    1   21.05    0.00   12.63    0.00    0.00    0.00    0.00    0.00    0.00   66.32
01:15:04 PM    2   24.00    0.00   10.00    0.00    0.00    8.00    0.00    0.00    0.00   58.00
01:15:04 PM    3   30.61    0.00   12.24    0.00    0.00    0.00    0.00    0.00    0.00   57.14
01:15:04 PM    4   35.11    0.00   22.34    0.00    0.00    0.00    0.00    0.00    0.00   42.55
01:15:04 PM    5   29.35    0.00   20.65    0.00    0.00    6.52    0.00    0.00    0.00   43.48
01:15:04 PM    6   34.69    0.00   21.43    0.00    0.00    0.00    0.00    0.00    0.00   43.88
01:15:04 PM    7   35.79    0.00   21.05    0.00    0.00    0.00    0.00    0.00    0.00   43.16

01:15:04 PM  CPU    %usr   %nice    %sys %iowait    %irq   %soft  %steal  %guest  %gnice   %idle
01:15:05 PM  all   25.55    0.00   18.32    0.00    0.00   10.19    0.00    0.00    0.00   45.94
01:15:05 PM    0    9.00    0.00    7.00    0.00    0.00   60.00    0.00    0.00    0.00   24.00
01:15:05 PM    1   22.22    0.00    9.09    0.00    0.00    0.00    0.00    0.00    0.00   68.69
01:15:05 PM    2   18.00    0.00   10.00    0.00    0.00   11.00    0.00    0.00    0.00   61.00
01:15:05 PM    3   17.53    0.00   14.43    0.00    0.00    0.00    0.00    0.00    0.00   68.04
01:15:05 PM    4   35.11    0.00   28.72    0.00    0.00    0.00    0.00    0.00    0.00   36.17
01:15:05 PM    5   33.33    0.00   24.73    0.00    0.00    8.60    0.00    0.00    0.00   33.33
01:15:05 PM    6   37.11    0.00   26.80    0.00    0.00    0.00    0.00    0.00    0.00   36.08
01:15:05 PM    7   33.68    0.00   27.37    0.00    0.00    0.00    0.00    0.00    0.00   38.95

Average:     CPU    %usr   %nice    %sys %iowait    %irq   %soft  %steal  %guest  %gnice   %idle
Average:     all   24.66    0.00   16.64    0.01    0.00    8.93    0.00    0.00    0.00   49.76
Average:       0   10.09    0.00    8.72    0.00    0.00   56.20    0.00    0.00    0.00   24.99
Average:       1   21.68    0.00   11.15    0.05    0.00    0.03    0.00    0.00    0.00   67.09
Average:       2   22.33    0.00   10.51    0.00    0.00    7.64    0.00    0.00    0.00   59.53
Average:       3   22.63    0.00   10.89    0.03    0.00    0.03    0.00    0.00    0.00   66.43
Average:       4   30.75    0.00   25.58    0.00    0.00    0.00    0.00    0.00    0.00   43.68
Average:       5   30.01    0.00   22.28    0.03    0.00    7.10    0.00    0.00    0.00   40.58
Average:       6   30.49    0.00   22.18    0.00    0.00    0.00    0.00    0.00    0.00   47.33
Average:       7   29.63    0.00   22.25    0.00    0.00    0.00    0.00    0.00    0.00   48.12
