Linux 6.1.141 (king) 	08/21/2026 	_aarch64_	(8 CPU)

07:25:37 AM  CPU    %usr   %nice    %sys %iowait    %irq   %soft  %steal  %guest  %gnice   %idle
07:25:38 AM  all   27.34    0.00   18.88    0.00    0.00    8.85    0.00    0.00    0.00   44.92
07:25:38 AM    0    5.10    0.00    5.10    0.00    0.00   69.39    0.00    0.00    0.00   20.41
07:25:38 AM    1   27.27    0.00   12.12    0.00    0.00    0.00    0.00    0.00    0.00   60.61
07:25:38 AM    2   15.62    0.00    9.38    0.00    0.00    0.00    0.00    0.00    0.00   75.00
07:25:38 AM    3   20.83    0.00    6.25    0.00    0.00    0.00    0.00    0.00    0.00   72.92
07:25:38 AM    4   42.39    0.00   25.00    0.00    0.00    0.00    0.00    0.00    0.00   32.61
07:25:38 AM    5   36.08    0.00   31.96    0.00    0.00    0.00    0.00    0.00    0.00   31.96
07:25:38 AM    6   35.05    0.00   31.96    0.00    0.00    0.00    0.00    0.00    0.00   32.99
07:25:38 AM    7   37.63    0.00   30.11    0.00    0.00    0.00    0.00    0.00    0.00   32.26

07:25:38 AM  CPU    %usr   %nice    %sys %iowait    %irq   %soft  %steal  %guest  %gnice   %idle
07:25:39 AM  all   26.04    0.00   19.27    0.00    0.00    8.72    0.00    0.00    0.00   45.96
07:25:39 AM    0    4.08    0.00    7.14    0.00    0.00   68.37    0.00    0.00    0.00   20.41
07:25:39 AM    1   25.77    0.00   12.37    0.00    0.00    0.00    0.00    0.00    0.00   61.86
07:25:39 AM    2   20.00    0.00    8.42    0.00    0.00    0.00    0.00    0.00    0.00   71.58
07:25:39 AM    3   16.49    0.00    6.19    0.00    0.00    0.00    0.00    0.00    0.00   77.32
07:25:39 AM    4   36.46    0.00   34.38    0.00    0.00    0.00    0.00    0.00    0.00   29.17
07:25:39 AM    5   32.29    0.00   27.08    0.00    0.00    0.00    0.00    0.00    0.00   40.62
07:25:39 AM    6   37.63    0.00   26.88    0.00    0.00    0.00    0.00    0.00    0.00   35.48
07:25:39 AM    7   36.46    0.00   32.29    0.00    0.00    0.00    0.00    0.00    0.00   31.25

07:25:39 AM  CPU    %usr   %nice    %sys %iowait    %irq   %soft  %steal  %guest  %gnice   %idle
07:25:40 AM  all   25.75    0.00   17.12    0.00    0.00    8.89    0.00    0.00    0.00   48.24
07:25:40 AM    0    3.12    0.00    5.21    0.00    0.00   70.83    0.00    0.00    0.00   20.83
07:25:40 AM    1   25.77    0.00   10.31    0.00    0.00    0.00    0.00    0.00    0.00   63.92
07:25:40 AM    2   25.00    0.00   10.42    0.00    0.00    0.00    0.00    0.00    0.00   64.58
07:25:40 AM    3   21.43    0.00   13.27    0.00    0.00    0.00    0.00    0.00    0.00   65.31
07:25:40 AM    4   30.43    0.00   28.26    0.00    0.00    0.00    0.00    0.00    0.00   41.30
07:25:40 AM    5   32.29    0.00   22.92    0.00    0.00    0.00    0.00    0.00    0.00   44.79
07:25:40 AM    6   34.02    0.00   23.71    0.00    0.00    0.00    0.00    0.00    0.00   42.27
07:25:40 AM    7   34.41    0.00   23.66    0.00    0.00    0.00    0.00    0.00    0.00   41.94

07:25:40 AM  CPU    %usr   %nice    %sys %iowait    %irq   %soft  %steal  %guest  %gnice   %idle
07:25:41 AM  all   23.97    0.00   16.49    0.00    0.00    8.12    0.00    0.00    0.00   51.42
07:25:41 AM    0    9.28    0.00    8.25    0.00    0.00   64.95    0.00    0.00    0.00   17.53
07:25:41 AM    1   24.49    0.00   16.33    0.00    0.00    0.00    0.00    0.00    0.00   59.18
07:25:41 AM    2   27.08    0.00   12.50    0.00    0.00    0.00    0.00    0.00    0.00   60.42
07:25:41 AM    3   26.26    0.00   16.16    0.00    0.00    0.00    0.00    0.00    0.00   57.58
07:25:41 AM    4   24.49    0.00   23.47    0.00    0.00    0.00    0.00    0.00    0.00   52.04
07:25:41 AM    5   26.04    0.00   18.75    0.00    0.00    0.00    0.00    0.00    0.00   55.21
07:25:41 AM    6   26.04    0.00   20.83    0.00    0.00    0.00    0.00    0.00    0.00   53.12
07:25:41 AM    7   28.12    0.00   15.62    0.00    0.00    0.00    0.00    0.00    0.00   56.25

07:25:41 AM  CPU    %usr   %nice    %sys %iowait    %irq   %soft  %steal  %guest  %gnice   %idle
07:25:42 AM  all   25.71    0.00   16.80    0.13    0.00    8.66    0.00    0.00    0.00   48.71
07:25:42 AM    0    6.00    0.00    5.00    0.00    0.00   67.00    0.00    0.00    0.00   22.00
07:25:42 AM    1   18.56    0.00   13.40    1.03    0.00    0.00    0.00    0.00    0.00   67.01
07:25:42 AM    2   24.49    0.00    8.16    0.00    0.00    0.00    0.00    0.00    0.00   67.35
07:25:42 AM    3   16.67    0.00    6.25    0.00    0.00    0.00    0.00    0.00    0.00   77.08
07:25:42 AM    4   38.54    0.00   25.00    0.00    0.00    0.00    0.00    0.00    0.00   36.46
07:25:42 AM    5   29.79    0.00   26.60    0.00    0.00    0.00    0.00    0.00    0.00   43.62
07:25:42 AM    6   33.33    0.00   28.12    0.00    0.00    0.00    0.00    0.00    0.00   38.54
07:25:42 AM    7   39.18    0.00   22.68    0.00    0.00    0.00    0.00    0.00    0.00   38.14

07:25:42 AM  CPU    %usr   %nice    %sys %iowait    %irq   %soft  %steal  %guest  %gnice   %idle
07:25:43 AM  all   24.90    0.00   17.81    0.00    0.00    8.26    0.00    0.00    0.00   49.03
07:25:43 AM    0    6.12    0.00    8.16    0.00    0.00   65.31    0.00    0.00    0.00   20.41
07:25:43 AM    1   23.00    0.00   12.00    0.00    0.00    0.00    0.00    0.00    0.00   65.00
07:25:43 AM    2   29.17    0.00   15.62    0.00    0.00    0.00    0.00    0.00    0.00   55.21
07:25:43 AM    3   23.71    0.00   10.31    0.00    0.00    0.00    0.00    0.00    0.00   65.98
07:25:43 AM    4   32.29    0.00   22.92    0.00    0.00    0.00    0.00    0.00    0.00   44.79
07:25:43 AM    5   25.26    0.00   27.37    0.00    0.00    0.00    0.00    0.00    0.00   47.37
07:25:43 AM    6   28.12    0.00   26.04    0.00    0.00    0.00    0.00    0.00    0.00   45.83
07:25:43 AM    7   31.96    0.00   20.62    0.00    0.00    0.00    0.00    0.00    0.00   47.42

07:25:43 AM  CPU    %usr   %nice    %sys %iowait    %irq   %soft  %steal  %guest  %gnice   %idle
07:25:44 AM  all   26.23    0.00   16.88    0.00    0.00    8.96    0.00    0.00    0.00   47.92
07:25:44 AM    0    5.15    0.00    4.12    0.00    0.00   71.13    0.00    0.00    0.00   19.59
07:25:44 AM    1   27.66    0.00   14.89    0.00    0.00    0.00    0.00    0.00    0.00   57.45
07:25:44 AM    2   28.00    0.00   17.00    0.00    0.00    0.00    0.00    0.00    0.00   55.00
07:25:44 AM    3   30.61    0.00   17.35    0.00    0.00    0.00    0.00    0.00    0.00   52.04
07:25:44 AM    4   30.85    0.00   20.21    0.00    0.00    0.00    0.00    0.00    0.00   48.94
07:25:44 AM    5   26.60    0.00   20.21    0.00    0.00    0.00    0.00    0.00    0.00   53.19
07:25:44 AM    6   31.58    0.00   17.89    0.00    0.00    0.00    0.00    0.00    0.00   50.53
07:25:44 AM    7   29.59    0.00   23.47    0.00    0.00    0.00    0.00    0.00    0.00   46.94

07:25:44 AM  CPU    %usr   %nice    %sys %iowait    %irq   %soft  %steal  %guest  %gnice   %idle
07:25:45 AM  all   24.29    0.00   15.32    0.00    0.00    8.18    0.00    0.00    0.00   52.21
07:25:45 AM    0    6.38    0.00    4.26    0.00    0.00   65.96    0.00    0.00    0.00   23.40
07:25:45 AM    1   25.51    0.00    9.18    0.00    0.00    0.00    0.00    0.00    0.00   65.31
07:25:45 AM    2   20.83    0.00    7.29    0.00    0.00    1.04    0.00    0.00    0.00   70.83
07:25:45 AM    3   25.51    0.00   12.24    0.00    0.00    0.00    0.00    0.00    0.00   62.24
07:25:45 AM    4   34.38    0.00   25.00    0.00    0.00    0.00    0.00    0.00    0.00   40.62
07:25:45 AM    5   30.93    0.00   22.68    0.00    0.00    0.00    0.00    0.00    0.00   46.39
07:25:45 AM    6   23.96    0.00   20.83    0.00    0.00    0.00    0.00    0.00    0.00   55.21
07:25:45 AM    7   26.32    0.00   21.05    0.00    0.00    0.00    0.00    0.00    0.00   52.63

07:25:45 AM  CPU    %usr   %nice    %sys %iowait    %irq   %soft  %steal  %guest  %gnice   %idle
07:25:46 AM  all   23.67    0.00   17.56    0.00    0.00    8.06    0.00    0.00    0.00   50.72
07:25:46 AM    0    5.38    0.00    3.23    0.00    0.00   66.67    0.00    0.00    0.00   24.73
07:25:46 AM    1   25.25    0.00   19.19    0.00    0.00    0.00    0.00    0.00    0.00   55.56
07:25:46 AM    2   27.66    0.00   11.70    0.00    0.00    0.00    0.00    0.00    0.00   60.64
07:25:46 AM    3   26.80    0.00   10.31    0.00    0.00    0.00    0.00    0.00    0.00   62.89
07:25:46 AM    4   25.00    0.00   26.04    0.00    0.00    0.00    0.00    0.00    0.00   48.96
07:25:46 AM    5   24.24    0.00   27.27    0.00    0.00    0.00    0.00    0.00    0.00   48.48
07:25:46 AM    6   26.60    0.00   22.34    0.00    0.00    0.00    0.00    0.00    0.00   51.06
07:25:46 AM    7   27.84    0.00   19.59    0.00    0.00    0.00    0.00    0.00    0.00   52.58

07:25:46 AM  CPU    %usr   %nice    %sys %iowait    %irq   %soft  %steal  %guest  %gnice   %idle
07:25:47 AM  all   27.04    0.00   17.59    0.00    0.00    8.93    0.00    0.00    0.00   46.44
07:25:47 AM    0    5.10    0.00    5.10    0.00    0.00   70.41    0.00    0.00    0.00   19.39
07:25:47 AM    1   29.47    0.00   10.53    0.00    0.00    0.00    0.00    0.00    0.00   60.00
07:25:47 AM    2   27.37    0.00   12.63    0.00    0.00    0.00    0.00    0.00    0.00   60.00
07:25:47 AM    3   28.42    0.00   14.74    0.00    0.00    0.00    0.00    0.00    0.00   56.84
07:25:47 AM    4   30.30    0.00   28.28    0.00    0.00    0.00    0.00    0.00    0.00   41.41
07:25:47 AM    5   31.31    0.00   24.24    0.00    0.00    0.00    0.00    0.00    0.00   44.44
07:25:47 AM    6   30.53    0.00   26.32    0.00    0.00    0.00    0.00    0.00    0.00   43.16
07:25:47 AM    7   34.02    0.00   18.56    0.00    0.00    0.00    0.00    0.00    0.00   47.42

07:25:47 AM  CPU    %usr   %nice    %sys %iowait    %irq   %soft  %steal  %guest  %gnice   %idle
07:25:48 AM  all   24.58    0.00   17.16    0.00    0.00    8.19    0.00    0.00    0.00   50.06
07:25:48 AM    0    6.06    0.00    6.06    0.00    0.00   64.65    0.00    0.00    0.00   23.23
07:25:48 AM    1   21.43    0.00   11.22    0.00    0.00    0.00    0.00    0.00    0.00   67.35
07:25:48 AM    2   16.49    0.00    9.28    0.00    0.00    0.00    0.00    0.00    0.00   74.23
07:25:48 AM    3   19.59    0.00   10.31    0.00    0.00    0.00    0.00    0.00    0.00   70.10
07:25:48 AM    4   32.63    0.00   28.42    0.00    0.00    0.00    0.00    0.00    0.00   38.95
07:25:48 AM    5   31.68    0.00   25.74    0.00    0.00    0.00    0.00    0.00    0.00   42.57
07:25:48 AM    6   30.61    0.00   26.53    0.00    0.00    0.00    0.00    0.00    0.00   42.86
07:25:48 AM    7   38.54    0.00   19.79    0.00    0.00    0.00    0.00    0.00    0.00   41.67

07:25:48 AM  CPU    %usr   %nice    %sys %iowait    %irq   %soft  %steal  %guest  %gnice   %idle
07:25:49 AM  all   26.07    0.00   19.33    0.00    0.00    8.56    0.00    0.00    0.00   46.04
07:25:49 AM    0    3.16    0.00    6.32    0.00    0.00   69.47    0.00    0.00    0.00   21.05
07:25:49 AM    1   24.74    0.00   11.34    0.00    0.00    0.00    0.00    0.00    0.00   63.92
07:25:49 AM    2   20.62    0.00   10.31    0.00    0.00    0.00    0.00    0.00    0.00   69.07
07:25:49 AM    3   19.59    0.00   11.34    0.00    0.00    0.00    0.00    0.00    0.00   69.07
07:25:49 AM    4   35.79    0.00   30.53    0.00    0.00    0.00    0.00    0.00    0.00   33.68
07:25:49 AM    5   35.79    0.00   27.37    0.00    0.00    0.00    0.00    0.00    0.00   36.84
07:25:49 AM    6   35.05    0.00   29.90    0.00    0.00    0.00    0.00    0.00    0.00   35.05
07:25:49 AM    7   33.67    0.00   27.55    0.00    0.00    0.00    0.00    0.00    0.00   38.78

07:25:49 AM  CPU    %usr   %nice    %sys %iowait    %irq   %soft  %steal  %guest  %gnice   %idle
07:25:50 AM  all   25.65    0.00   17.62    0.00    0.00    8.55    0.00    0.00    0.00   48.19
07:25:50 AM    0    8.16    0.00    4.08    0.00    0.00   67.35    0.00    0.00    0.00   20.41
07:25:50 AM    1   24.49    0.00    7.14    0.00    0.00    0.00    0.00    0.00    0.00   68.37
07:25:50 AM    2   20.62    0.00   11.34    0.00    0.00    0.00    0.00    0.00    0.00   68.04
07:25:50 AM    3   20.83    0.00    9.38    0.00    0.00    0.00    0.00    0.00    0.00   69.79
07:25:50 AM    4   33.33    0.00   32.32    0.00    0.00    0.00    0.00    0.00    0.00   34.34
07:25:50 AM    5   29.79    0.00   28.72    0.00    0.00    0.00    0.00    0.00    0.00   41.49
07:25:50 AM    6   39.36    0.00   23.40    0.00    0.00    0.00    0.00    0.00    0.00   37.23
07:25:50 AM    7   29.17    0.00   25.00    0.00    0.00    0.00    0.00    0.00    0.00   45.83

07:25:50 AM  CPU    %usr   %nice    %sys %iowait    %irq   %soft  %steal  %guest  %gnice   %idle
07:25:51 AM  all   26.65    0.00   18.63    0.00    0.00    8.93    0.00    0.00    0.00   45.80
07:25:51 AM    0    4.00    0.00    7.00    0.00    0.00   68.00    0.00    0.00    0.00   21.00
07:25:51 AM    1   18.95    0.00   13.68    0.00    0.00    0.00    0.00    0.00    0.00   67.37
07:25:51 AM    2   18.00    0.00   12.00    0.00    0.00    0.00    0.00    0.00    0.00   70.00
07:25:51 AM    3   18.37    0.00   11.22    0.00    0.00    0.00    0.00    0.00    0.00   70.41
07:25:51 AM    4   41.24    0.00   27.84    0.00    0.00    1.03    0.00    0.00    0.00   29.90
07:25:51 AM    5   35.11    0.00   22.34    0.00    0.00    0.00    0.00    0.00    0.00   42.55
07:25:51 AM    6   38.14    0.00   30.93    0.00    0.00    0.00    0.00    0.00    0.00   30.93
07:25:51 AM    7   41.30    0.00   25.00    0.00    0.00    0.00    0.00    0.00    0.00   33.70

07:25:51 AM  CPU    %usr   %nice    %sys %iowait    %irq   %soft  %steal  %guest  %gnice   %idle
07:25:52 AM  all   26.68    0.00   18.52    0.00    0.00    7.90    0.00    0.00    0.00   46.89
07:25:52 AM    0    7.37    0.00    6.32    0.00    0.00   64.21    0.00    0.00    0.00   22.11
07:25:52 AM    1   20.43    0.00   10.75    0.00    0.00    0.00    0.00    0.00    0.00   68.82
07:25:52 AM    2   19.39    0.00   13.27    0.00    0.00    0.00    0.00    0.00    0.00   67.35
07:25:52 AM    3   22.68    0.00    9.28    0.00    0.00    0.00    0.00    0.00    0.00   68.04
07:25:52 AM    4   35.79    0.00   24.21    0.00    0.00    0.00    0.00    0.00    0.00   40.00
07:25:52 AM    5   30.30    0.00   30.30    0.00    0.00    0.00    0.00    0.00    0.00   39.39
07:25:52 AM    6   35.71    0.00   29.59    0.00    0.00    0.00    0.00    0.00    0.00   34.69
07:25:52 AM    7   41.24    0.00   23.71    0.00    0.00    0.00    0.00    0.00    0.00   35.05

07:25:52 AM  CPU    %usr   %nice    %sys %iowait    %irq   %soft  %steal  %guest  %gnice   %idle
07:25:53 AM  all   24.58    0.00   18.08    0.00    0.00    7.80    0.00    0.00    0.00   49.54
07:25:53 AM    0    6.19    0.00   10.31    0.00    0.00   61.86    0.00    0.00    0.00   21.65
07:25:53 AM    1   17.53    0.00   11.34    0.00    0.00    0.00    0.00    0.00    0.00   71.13
07:25:53 AM    2   13.27    0.00    8.16    0.00    0.00    0.00    0.00    0.00    0.00   78.57
07:25:53 AM    3   15.62    0.00    5.21    0.00    0.00    0.00    0.00    0.00    0.00   79.17
07:25:53 AM    4   39.13    0.00   30.43    0.00    0.00    0.00    0.00    0.00    0.00   30.43
07:25:53 AM    5   34.74    0.00   24.21    0.00    0.00    0.00    0.00    0.00    0.00   41.05
07:25:53 AM    6   39.39    0.00   27.27    0.00    0.00    0.00    0.00    0.00    0.00   33.33
07:25:53 AM    7   31.58    0.00   28.42    0.00    0.00    0.00    0.00    0.00    0.00   40.00

07:25:53 AM  CPU    %usr   %nice    %sys %iowait    %irq   %soft  %steal  %guest  %gnice   %idle
07:25:54 AM  all   26.51    0.00   17.50    0.00    0.00    8.88    0.00    0.00    0.00   47.10
07:25:54 AM    0    6.06    0.00    7.07    0.00    0.00   69.70    0.00    0.00    0.00   17.17
07:25:54 AM    1   29.90    0.00   13.40    0.00    0.00    0.00    0.00    0.00    0.00   56.70
07:25:54 AM    2   23.16    0.00   11.58    0.00    0.00    0.00    0.00    0.00    0.00   65.26
07:25:54 AM    3   30.00    0.00   13.00    0.00    0.00    0.00    0.00    0.00    0.00   57.00
07:25:54 AM    4   31.63    0.00   27.55    0.00    0.00    0.00    0.00    0.00    0.00   40.82
07:25:54 AM    5   31.25    0.00   21.88    0.00    0.00    0.00    0.00    0.00    0.00   46.88
07:25:54 AM    6   29.47    0.00   22.11    0.00    0.00    0.00    0.00    0.00    0.00   48.42
07:25:54 AM    7   30.93    0.00   23.71    0.00    0.00    0.00    0.00    0.00    0.00   45.36

07:25:54 AM  CPU    %usr   %nice    %sys %iowait    %irq   %soft  %steal  %guest  %gnice   %idle
07:25:55 AM  all   24.55    0.00   16.58    0.00    0.00    8.10    0.00    0.00    0.00   50.77
07:25:55 AM    0    5.15    0.00    6.19    0.00    0.00   64.95    0.00    0.00    0.00   23.71
07:25:55 AM    1   19.19    0.00   15.15    0.00    0.00    0.00    0.00    0.00    0.00   65.66
07:25:55 AM    2   22.68    0.00    9.28    0.00    0.00    0.00    0.00    0.00    0.00   68.04
07:25:55 AM    3   22.45    0.00    9.18    0.00    0.00    0.00    0.00    0.00    0.00   68.37
07:25:55 AM    4   31.25    0.00   23.96    0.00    0.00    0.00    0.00    0.00    0.00   44.79
07:25:55 AM    5   32.99    0.00   21.65    0.00    0.00    0.00    0.00    0.00    0.00   45.36
07:25:55 AM    6   30.93    0.00   23.71    0.00    0.00    0.00    0.00    0.00    0.00   45.36
07:25:55 AM    7   31.96    0.00   23.71    0.00    0.00    0.00    0.00    0.00    0.00   44.33

07:25:55 AM  CPU    %usr   %nice    %sys %iowait    %irq   %soft  %steal  %guest  %gnice   %idle
07:25:56 AM  all   23.18    0.00   16.26    0.00    0.00    7.94    0.00    0.00    0.00   52.62
07:25:56 AM    0    8.16    0.00    8.16    0.00    0.00   63.27    0.00    0.00    0.00   20.41
07:25:56 AM    1   23.96    0.00   17.71    0.00    0.00    0.00    0.00    0.00    0.00   58.33
07:25:56 AM    2   28.71    0.00   17.82    0.00    0.00    0.00    0.00    0.00    0.00   53.47
07:25:56 AM    3   29.47    0.00   11.58    0.00    0.00    0.00    0.00    0.00    0.00   58.95
07:25:56 AM    4   27.08    0.00   18.75    0.00    0.00    0.00    0.00    0.00    0.00   54.17
07:25:56 AM    5   25.25    0.00   18.18    0.00    0.00    0.00    0.00    0.00    0.00   56.57
07:25:56 AM    6   24.24    0.00   19.19    0.00    0.00    0.00    0.00    0.00    0.00   56.57
07:25:56 AM    7   18.56    0.00   18.56    0.00    0.00    0.00    0.00    0.00    0.00   62.89

07:25:56 AM  CPU    %usr   %nice    %sys %iowait    %irq   %soft  %steal  %guest  %gnice   %idle
07:25:57 AM  all   27.10    0.00   18.32    0.00    0.00    9.16    0.00    0.00    0.00   45.42
07:25:57 AM    0    6.00    0.00    4.00    0.00    0.00   71.00    0.00    0.00    0.00   19.00
07:25:57 AM    1   23.71    0.00   12.37    0.00    0.00    0.00    0.00    0.00    0.00   63.92
07:25:57 AM    2   22.11    0.00   12.63    0.00    0.00    0.00    0.00    0.00    0.00   65.26
07:25:57 AM    3   23.96    0.00   14.58    0.00    0.00    0.00    0.00    0.00    0.00   61.46
07:25:57 AM    4   35.42    0.00   29.17    0.00    0.00    0.00    0.00    0.00    0.00   35.42
07:25:57 AM    5   39.36    0.00   23.40    0.00    0.00    0.00    0.00    0.00    0.00   37.23
07:25:57 AM    6   31.31    0.00   28.28    0.00    0.00    0.00    0.00    0.00    0.00   40.40
07:25:57 AM    7   35.71    0.00   22.45    0.00    0.00    0.00    0.00    0.00    0.00   41.84

07:25:57 AM  CPU    %usr   %nice    %sys %iowait    %irq   %soft  %steal  %guest  %gnice   %idle
07:25:58 AM  all   23.81    0.00   17.25    0.00    0.00    8.75    0.00    0.00    0.00   50.19
07:25:58 AM    0    2.06    0.00    2.06    0.00    0.00   70.10    0.00    0.00    0.00   25.77
07:25:58 AM    1   26.53    0.00   16.33    0.00    0.00    0.00    0.00    0.00    0.00   57.14
07:25:58 AM    2   22.45    0.00   12.24    0.00    0.00    0.00    0.00    0.00    0.00   65.31
07:25:58 AM    3   25.51    0.00   16.33    0.00    0.00    0.00    0.00    0.00    0.00   58.16
07:25:58 AM    4   31.96    0.00   20.62    0.00    0.00    0.00    0.00    0.00    0.00   47.42
07:25:58 AM    5   27.08    0.00   25.00    0.00    0.00    0.00    0.00    0.00    0.00   47.92
07:25:58 AM    6   27.96    0.00   22.58    0.00    0.00    0.00    0.00    0.00    0.00   49.46
07:25:58 AM    7   27.00    0.00   23.00    0.00    0.00    0.00    0.00    0.00    0.00   50.00

07:25:58 AM  CPU    %usr   %nice    %sys %iowait    %irq   %soft  %steal  %guest  %gnice   %idle
07:25:59 AM  all   22.41    0.00   15.28    0.00    0.00    8.42    0.00    0.00    0.00   53.89
07:25:59 AM    0    5.10    0.00    4.08    0.00    0.00   66.33    0.00    0.00    0.00   24.49
07:25:59 AM    1   23.40    0.00   15.96    0.00    0.00    0.00    0.00    0.00    0.00   60.64
07:25:59 AM    2   32.98    0.00   14.89    0.00    0.00    0.00    0.00    0.00    0.00   52.13
07:25:59 AM    3   31.25    0.00   14.58    0.00    0.00    0.00    0.00    0.00    0.00   54.17
07:25:59 AM    4   22.22    0.00   19.19    0.00    0.00    0.00    0.00    0.00    0.00   58.59
07:25:59 AM    5   23.71    0.00   18.56    0.00    0.00    0.00    0.00    0.00    0.00   57.73
07:25:59 AM    6   22.68    0.00   16.49    0.00    0.00    0.00    0.00    0.00    0.00   60.82
07:25:59 AM    7   18.56    0.00   18.56    0.00    0.00    0.00    0.00    0.00    0.00   62.89

07:25:59 AM  CPU    %usr   %nice    %sys %iowait    %irq   %soft  %steal  %guest  %gnice   %idle
07:26:00 AM  all   23.07    0.00   14.56    0.00    0.00    8.12    0.00    0.00    0.00   54.25
07:26:00 AM    0    8.08    0.00    7.07    0.00    0.00   63.64    0.00    0.00    0.00   21.21
07:26:00 AM    1   21.65    0.00   18.56    0.00    0.00    0.00    0.00    0.00    0.00   59.79
07:26:00 AM    2   26.32    0.00    9.47    0.00    0.00    0.00    0.00    0.00    0.00   64.21
07:26:00 AM    3   31.00    0.00   13.00    0.00    0.00    0.00    0.00    0.00    0.00   56.00
07:26:00 AM    4   25.53    0.00   19.15    0.00    0.00    0.00    0.00    0.00    0.00   55.32
07:26:00 AM    5   22.11    0.00   16.84    0.00    0.00    0.00    0.00    0.00    0.00   61.05
07:26:00 AM    6   24.49    0.00   18.37    0.00    0.00    0.00    0.00    0.00    0.00   57.14
07:26:00 AM    7   25.51    0.00   14.29    0.00    0.00    0.00    0.00    0.00    0.00   60.20

07:26:00 AM  CPU    %usr   %nice    %sys %iowait    %irq   %soft  %steal  %guest  %gnice   %idle
07:26:01 AM  all   26.55    0.00   16.71    0.00    0.00    9.20    0.00    0.00    0.00   47.54
07:26:01 AM    0    7.07    0.00    4.04    0.00    0.00   71.72    0.00    0.00    0.00   17.17
07:26:01 AM    1   29.29    0.00   15.15    0.00    0.00    0.00    0.00    0.00    0.00   55.56
07:26:01 AM    2   24.24    0.00   16.16    0.00    0.00    0.00    0.00    0.00    0.00   59.60
07:26:01 AM    3   34.38    0.00   13.54    0.00    0.00    0.00    0.00    0.00    0.00   52.08
07:26:01 AM    4   33.68    0.00   24.21    0.00    0.00    0.00    0.00    0.00    0.00   42.11
07:26:01 AM    5   28.57    0.00   21.43    0.00    0.00    0.00    0.00    0.00    0.00   50.00
07:26:01 AM    6   27.66    0.00   20.21    0.00    0.00    0.00    0.00    0.00    0.00   52.13
07:26:01 AM    7   28.26    0.00   19.57    0.00    0.00    0.00    0.00    0.00    0.00   52.17

07:26:01 AM  CPU    %usr   %nice    %sys %iowait    %irq   %soft  %steal  %guest  %gnice   %idle
07:26:02 AM  all   26.58    0.00   17.94    0.00    0.00    8.65    0.00    0.00    0.00   46.84
07:26:02 AM    0    7.14    0.00    4.08    0.00    0.00   68.37    0.00    0.00    0.00   20.41
07:26:02 AM    1   29.90    0.00   14.43    0.00    0.00    0.00    0.00    0.00    0.00   55.67
07:26:02 AM    2   22.45    0.00   12.24    0.00    0.00    0.00    0.00    0.00    0.00   65.31
07:26:02 AM    3   28.12    0.00    8.33    0.00    0.00    0.00    0.00    0.00    0.00   63.54
07:26:02 AM    4   29.59    0.00   30.61    0.00    0.00    0.00    0.00    0.00    0.00   39.80
07:26:02 AM    5   34.04    0.00   24.47    0.00    0.00    0.00    0.00    0.00    0.00   41.49
07:26:02 AM    6   29.17    0.00   25.00    0.00    0.00    0.00    0.00    0.00    0.00   45.83
07:26:02 AM    7   32.65    0.00   24.49    0.00    0.00    0.00    0.00    0.00    0.00   42.86

07:26:02 AM  CPU    %usr   %nice    %sys %iowait    %irq   %soft  %steal  %guest  %gnice   %idle
07:26:03 AM  all   25.96    0.00   18.51    0.00    0.00    9.13    0.00    0.00    0.00   46.40
07:26:03 AM    0    6.12    0.00    3.06    0.00    0.00   72.45    0.00    0.00    0.00   18.37
07:26:03 AM    1   26.53    0.00   14.29    0.00    0.00    0.00    0.00    0.00    0.00   59.18
07:26:03 AM    2   24.47    0.00   11.70    0.00    0.00    0.00    0.00    0.00    0.00   63.83
07:26:03 AM    3   30.30    0.00   17.17    0.00    0.00    0.00    0.00    0.00    0.00   52.53
07:26:03 AM    4   29.47    0.00   29.47    0.00    0.00    0.00    0.00    0.00    0.00   41.05
07:26:03 AM    5   28.87    0.00   25.77    0.00    0.00    0.00    0.00    0.00    0.00   45.36
07:26:03 AM    6   30.61    0.00   23.47    0.00    0.00    0.00    0.00    0.00    0.00   45.92
07:26:03 AM    7   31.31    0.00   23.23    0.00    0.00    0.00    0.00    0.00    0.00   45.45

07:26:03 AM  CPU    %usr   %nice    %sys %iowait    %irq   %soft  %steal  %guest  %gnice   %idle
07:26:04 AM  all   22.99    0.00   15.71    0.00    0.00    8.30    0.00    0.00    0.00   53.00
07:26:04 AM    0    5.10    0.00    3.06    0.00    0.00   66.33    0.00    0.00    0.00   25.51
07:26:04 AM    1   23.96    0.00   11.46    0.00    0.00    0.00    0.00    0.00    0.00   64.58
07:26:04 AM    2   22.77    0.00   14.85    0.00    0.00    0.00    0.00    0.00    0.00   62.38
07:26:04 AM    3   26.00    0.00   13.00    0.00    0.00    0.00    0.00    0.00    0.00   61.00
07:26:04 AM    4   25.51    0.00   27.55    0.00    0.00    0.00    0.00    0.00    0.00   46.94
07:26:04 AM    5   28.12    0.00   17.71    0.00    0.00    0.00    0.00    0.00    0.00   54.17
07:26:04 AM    6   24.74    0.00   21.65    0.00    0.00    0.00    0.00    0.00    0.00   53.61
07:26:04 AM    7   27.84    0.00   16.49    0.00    0.00    0.00    0.00    0.00    0.00   55.67

07:26:04 AM  CPU    %usr   %nice    %sys %iowait    %irq   %soft  %steal  %guest  %gnice   %idle
07:26:05 AM  all   25.16    0.00   16.69    0.00    0.00    8.74    0.00    0.00    0.00   49.41
07:26:05 AM    0    4.17    0.00    3.12    0.00    0.00   69.79    0.00    0.00    0.00   22.92
07:26:05 AM    1   29.59    0.00   16.33    0.00    0.00    0.00    0.00    0.00    0.00   54.08
07:26:05 AM    2   27.08    0.00   16.67    0.00    0.00    0.00    0.00    0.00    0.00   56.25
07:26:05 AM    3   29.03    0.00    8.60    0.00    0.00    0.00    0.00    0.00    0.00   62.37
07:26:05 AM    4   28.42    0.00   25.26    0.00    0.00    0.00    0.00    0.00    0.00   46.32
07:26:05 AM    5   27.27    0.00   20.20    0.00    0.00    0.00    0.00    0.00    0.00   52.53
07:26:05 AM    6   29.03    0.00   20.43    0.00    0.00    0.00    0.00    0.00    0.00   50.54
07:26:05 AM    7   26.80    0.00   22.68    0.00    0.00    0.00    0.00    0.00    0.00   50.52

07:26:05 AM  CPU    %usr   %nice    %sys %iowait    %irq   %soft  %steal  %guest  %gnice   %idle
07:26:06 AM  all   26.32    0.00   16.82    0.00    0.00    9.24    0.00    0.00    0.00   47.63
07:26:06 AM    0    5.00    0.00    3.00    0.00    0.00   72.00    0.00    0.00    0.00   20.00
07:26:06 AM    1   29.59    0.00   13.27    0.00    0.00    0.00    0.00    0.00    0.00   57.14
07:26:06 AM    2   25.51    0.00   16.33    0.00    0.00    0.00    0.00    0.00    0.00   58.16
07:26:06 AM    3   27.84    0.00   17.53    0.00    0.00    0.00    0.00    0.00    0.00   54.64
07:26:06 AM    4   31.91    0.00   20.21    0.00    0.00    0.00    0.00    0.00    0.00   47.87
07:26:06 AM    5   31.63    0.00   20.41    0.00    0.00    0.00    0.00    0.00    0.00   47.96
07:26:06 AM    6   29.90    0.00   21.65    0.00    0.00    0.00    0.00    0.00    0.00   48.45
07:26:06 AM    7   29.90    0.00   22.68    0.00    0.00    0.00    0.00    0.00    0.00   47.42

07:26:06 AM  CPU    %usr   %nice    %sys %iowait    %irq   %soft  %steal  %guest  %gnice   %idle
07:26:07 AM  all   24.58    0.00   17.69    0.00    0.00    8.58    0.00    0.00    0.00   49.15
07:26:07 AM    0    4.21    0.00    5.26    0.00    0.00   69.47    0.00    0.00    0.00   21.05
07:26:07 AM    1   30.30    0.00   14.14    0.00    0.00    0.00    0.00    0.00    0.00   55.56
07:26:07 AM    2   26.53    0.00   14.29    0.00    0.00    0.00    0.00    0.00    0.00   59.18
07:26:07 AM    3   28.57    0.00   18.37    0.00    0.00    0.00    0.00    0.00    0.00   53.06
07:26:07 AM    4   29.17    0.00   26.04    0.00    0.00    0.00    0.00    0.00    0.00   44.79
07:26:07 AM    5   27.66    0.00   20.21    0.00    0.00    0.00    0.00    0.00    0.00   52.13
07:26:07 AM    6   26.32    0.00   22.11    0.00    0.00    0.00    0.00    0.00    0.00   51.58
07:26:07 AM    7   23.40    0.00   21.28    0.00    0.00    0.00    0.00    0.00    0.00   55.32

07:26:07 AM  CPU    %usr   %nice    %sys %iowait    %irq   %soft  %steal  %guest  %gnice   %idle
07:26:08 AM  all   25.90    0.00   19.87    0.00    0.00    9.23    0.00    0.00    0.00   45.00
07:26:08 AM    0    5.05    0.00    3.03    0.00    0.00   71.72    0.00    0.00    0.00   20.20
07:26:08 AM    1   19.00    0.00   15.00    0.00    0.00    0.00    0.00    0.00    0.00   66.00
07:26:08 AM    2   13.27    0.00   10.20    0.00    0.00    0.00    0.00    0.00    0.00   76.53
07:26:08 AM    3   19.80    0.00    5.94    0.00    0.00    0.00    0.00    0.00    0.00   74.26
07:26:08 AM    4   40.00    0.00   33.68    0.00    0.00    0.00    0.00    0.00    0.00   26.32
07:26:08 AM    5   34.34    0.00   36.36    0.00    0.00    0.00    0.00    0.00    0.00   29.29
07:26:08 AM    6   36.46    0.00   29.17    0.00    0.00    1.04    0.00    0.00    0.00   33.33
07:26:08 AM    7   41.30    0.00   27.17    0.00    0.00    0.00    0.00    0.00    0.00   31.52

07:26:08 AM  CPU    %usr   %nice    %sys %iowait    %irq   %soft  %steal  %guest  %gnice   %idle
07:26:09 AM  all   25.42    0.00   17.16    0.00    0.00    8.00    0.00    0.00    0.00   49.42
07:26:09 AM    0    7.22    0.00    6.19    0.00    0.00   63.92    0.00    0.00    0.00   22.68
07:26:09 AM    1   23.71    0.00   11.34    0.00    0.00    0.00    0.00    0.00    0.00   64.95
07:26:09 AM    2   19.39    0.00    8.16    0.00    0.00    0.00    0.00    0.00    0.00   72.45
07:26:09 AM    3   26.53    0.00   11.22    0.00    0.00    0.00    0.00    0.00    0.00   62.24
07:26:09 AM    4   30.93    0.00   32.99    0.00    0.00    0.00    0.00    0.00    0.00   36.08
07:26:09 AM    5   30.11    0.00   24.73    0.00    0.00    0.00    0.00    0.00    0.00   45.16
07:26:09 AM    6   33.67    0.00   21.43    0.00    0.00    0.00    0.00    0.00    0.00   44.90
07:26:09 AM    7   31.96    0.00   21.65    0.00    0.00    0.00    0.00    0.00    0.00   46.39

07:26:09 AM  CPU    %usr   %nice    %sys %iowait    %irq   %soft  %steal  %guest  %gnice   %idle
07:26:10 AM  all   25.45    0.00   16.54    0.00    0.00    8.66    0.00    0.00    0.00   49.35
07:26:10 AM    0    7.29    0.00    3.12    0.00    0.00   69.79    0.00    0.00    0.00   19.79
07:26:10 AM    1   25.00    0.00   11.46    0.00    0.00    0.00    0.00    0.00    0.00   63.54
07:26:10 AM    2   22.92    0.00   17.71    0.00    0.00    0.00    0.00    0.00    0.00   59.38
07:26:10 AM    3   25.77    0.00   14.43    0.00    0.00    0.00    0.00    0.00    0.00   59.79
07:26:10 AM    4   35.71    0.00   24.49    0.00    0.00    0.00    0.00    0.00    0.00   39.80
07:26:10 AM    5   33.33    0.00   17.17    0.00    0.00    0.00    0.00    0.00    0.00   49.49
07:26:10 AM    6   25.26    0.00   21.05    0.00    0.00    0.00    0.00    0.00    0.00   53.68
07:26:10 AM    7   27.84    0.00   22.68    0.00    0.00    0.00    0.00    0.00    0.00   49.48

07:26:10 AM  CPU    %usr   %nice    %sys %iowait    %irq   %soft  %steal  %guest  %gnice   %idle
07:26:11 AM  all   24.94    0.00   18.12    0.00    0.00    8.48    0.00    0.00    0.00   48.46
07:26:11 AM    0    4.08    0.00    5.10    0.00    0.00   67.35    0.00    0.00    0.00   23.47
07:26:11 AM    1   20.83    0.00   11.46    0.00    0.00    0.00    0.00    0.00    0.00   67.71
07:26:11 AM    2   22.68    0.00   11.34    0.00    0.00    0.00    0.00    0.00    0.00   65.98
07:26:11 AM    3   20.62    0.00   10.31    0.00    0.00    0.00    0.00    0.00    0.00   69.07
07:26:11 AM    4   33.67    0.00   31.63    0.00    0.00    0.00    0.00    0.00    0.00   34.69
07:26:11 AM    5   31.25    0.00   23.96    0.00    0.00    0.00    0.00    0.00    0.00   44.79
07:26:11 AM    6   28.57    0.00   28.57    0.00    0.00    0.00    0.00    0.00    0.00   42.86
07:26:11 AM    7   37.76    0.00   22.45    0.00    0.00    0.00    0.00    0.00    0.00   39.80

07:26:11 AM  CPU    %usr   %nice    %sys %iowait    %irq   %soft  %steal  %guest  %gnice   %idle
07:26:12 AM  all   26.38    0.00   16.09    0.00    0.00    9.52    0.00    0.00    0.00   48.01
07:26:12 AM    0    4.90    0.00    2.94    0.00    0.00   72.55    0.00    0.00    0.00   19.61
07:26:12 AM    1   30.21    0.00   16.67    0.00    0.00    0.00    0.00    0.00    0.00   53.12
07:26:12 AM    2   33.67    0.00   13.27    0.00    0.00    0.00    0.00    0.00    0.00   53.06
07:26:12 AM    3   35.79    0.00   12.63    0.00    0.00    0.00    0.00    0.00    0.00   51.58
07:26:12 AM    4   25.53    0.00   23.40    0.00    0.00    0.00    0.00    0.00    0.00   51.06
07:26:12 AM    5   29.00    0.00   22.00    0.00    0.00    0.00    0.00    0.00    0.00   49.00
07:26:12 AM    6   25.53    0.00   19.15    0.00    0.00    0.00    0.00    0.00    0.00   55.32
07:26:12 AM    7   27.55    0.00   19.39    0.00    0.00    0.00    0.00    0.00    0.00   53.06

07:26:12 AM  CPU    %usr   %nice    %sys %iowait    %irq   %soft  %steal  %guest  %gnice   %idle
07:26:13 AM  all   21.40    0.00   13.23    0.00    0.00    7.52    0.00    0.00    0.00   57.85
07:26:13 AM    0    9.18    0.00    8.16    0.00    0.00   59.18    0.00    0.00    0.00   23.47
07:26:13 AM    1   31.96    0.00   15.46    0.00    0.00    0.00    0.00    0.00    0.00   52.58
07:26:13 AM    2   22.92    0.00   13.54    0.00    0.00    0.00    0.00    0.00    0.00   63.54
07:26:13 AM    3   27.84    0.00   13.40    0.00    0.00    0.00    0.00    0.00    0.00   58.76
07:26:13 AM    4   24.47    0.00   12.77    0.00    0.00    0.00    0.00    0.00    0.00   62.77
07:26:13 AM    5   16.13    0.00   16.13    0.00    0.00    0.00    0.00    0.00    0.00   67.74
07:26:13 AM    6   19.39    0.00   12.24    0.00    0.00    0.00    0.00    0.00    0.00   68.37
07:26:13 AM    7   19.39    0.00   14.29    0.00    0.00    0.00    0.00    0.00    0.00   66.33

07:26:13 AM  CPU    %usr   %nice    %sys %iowait    %irq   %soft  %steal  %guest  %gnice   %idle
07:26:14 AM  all   26.51    0.00   19.05    0.00    0.00    8.75    0.00    0.00    0.00   45.69
07:26:14 AM    0    6.19    0.00    5.15    0.00    0.00   70.10    0.00    0.00    0.00   18.56
07:26:14 AM    1   23.71    0.00   16.49    0.00    0.00    0.00    0.00    0.00    0.00   59.79
07:26:14 AM    2   18.37    0.00   12.24    0.00    0.00    0.00    0.00    0.00    0.00   69.39
07:26:14 AM    3   21.05    0.00   13.68    0.00    0.00    0.00    0.00    0.00    0.00   65.26
07:26:14 AM    4   36.00    0.00   29.00    0.00    0.00    0.00    0.00    0.00    0.00   35.00
07:26:14 AM    5   36.73    0.00   25.51    0.00    0.00    0.00    0.00    0.00    0.00   37.76
07:26:14 AM    6   31.96    0.00   24.74    0.00    0.00    0.00    0.00    0.00    0.00   43.30
07:26:14 AM    7   37.89    0.00   25.26    0.00    0.00    0.00    0.00    0.00    0.00   36.84

07:26:14 AM  CPU    %usr   %nice    %sys %iowait    %irq   %soft  %steal  %guest  %gnice   %idle
07:26:15 AM  all   27.45    0.00   18.42    0.00    0.00    8.64    0.00    0.00    0.00   45.49
07:26:15 AM    0    6.12    0.00    3.06    0.00    0.00   69.39    0.00    0.00    0.00   21.43
07:26:15 AM    1   22.68    0.00   11.34    0.00    0.00    0.00    0.00    0.00    0.00   65.98
07:26:15 AM    2   21.65    0.00    5.15    0.00    0.00    0.00    0.00    0.00    0.00   73.20
07:26:15 AM    3   16.49    0.00   12.37    0.00    0.00    0.00    0.00    0.00    0.00   71.13
07:26:15 AM    4   40.40    0.00   30.30    0.00    0.00    0.00    0.00    0.00    0.00   29.29
07:26:15 AM    5   34.65    0.00   30.69    0.00    0.00    0.00    0.00    0.00    0.00   34.65
07:26:15 AM    6   41.58    0.00   25.74    0.00    0.00    0.00    0.00    0.00    0.00   32.67
07:26:15 AM    7   35.05    0.00   27.84    0.00    0.00    0.00    0.00    0.00    0.00   37.11

07:26:15 AM  CPU    %usr   %nice    %sys %iowait    %irq   %soft  %steal  %guest  %gnice   %idle
07:26:16 AM  all   23.95    0.00   16.75    0.00    0.00    8.64    0.00    0.00    0.00   50.65
07:26:16 AM    0    3.09    0.00    4.12    0.00    0.00   68.04    0.00    0.00    0.00   24.74
07:26:16 AM    1   20.83    0.00    9.38    0.00    0.00    0.00    0.00    0.00    0.00   69.79
07:26:16 AM    2   21.88    0.00   11.46    0.00    0.00    0.00    0.00    0.00    0.00   66.67
07:26:16 AM    3   26.53    0.00   10.20    0.00    0.00    0.00    0.00    0.00    0.00   63.27
07:26:16 AM    4   32.99    0.00   29.90    0.00    0.00    0.00    0.00    0.00    0.00   37.11
07:26:16 AM    5   23.91    0.00   25.00    0.00    0.00    0.00    0.00    0.00    0.00   51.09
07:26:16 AM    6   30.53    0.00   23.16    0.00    0.00    0.00    0.00    0.00    0.00   46.32
07:26:16 AM    7   32.26    0.00   21.51    0.00    0.00    0.00    0.00    0.00    0.00   46.24

07:26:16 AM  CPU    %usr   %nice    %sys %iowait    %irq   %soft  %steal  %guest  %gnice   %idle
07:26:17 AM  all   23.69    0.00   17.83    0.00    0.00    8.79    0.00    0.00    0.00   49.68
07:26:17 AM    0    4.08    0.00    4.08    0.00    0.00   70.41    0.00    0.00    0.00   21.43
07:26:17 AM    1   20.79    0.00   17.82    0.00    0.00    0.00    0.00    0.00    0.00   61.39
07:26:17 AM    2   23.76    0.00   15.84    0.00    0.00    0.00    0.00    0.00    0.00   60.40
07:26:17 AM    3   29.59    0.00   12.24    0.00    0.00    0.00    0.00    0.00    0.00   58.16
07:26:17 AM    4   26.32    0.00   25.26    0.00    0.00    0.00    0.00    0.00    0.00   48.42
07:26:17 AM    5   27.55    0.00   27.55    0.00    0.00    0.00    0.00    0.00    0.00   44.90
07:26:17 AM    6   23.96    0.00   23.96    0.00    0.00    0.00    0.00    0.00    0.00   52.08
07:26:17 AM    7   33.67    0.00   16.33    0.00    0.00    0.00    0.00    0.00    0.00   50.00

07:26:17 AM  CPU    %usr   %nice    %sys %iowait    %irq   %soft  %steal  %guest  %gnice   %idle
07:26:18 AM  all   25.39    0.00   16.71    0.00    0.00    9.20    0.00    0.00    0.00   48.70
07:26:18 AM    0    5.05    0.00    4.04    0.00    0.00   71.72    0.00    0.00    0.00   19.19
07:26:18 AM    1   25.00    0.00   12.50    0.00    0.00    0.00    0.00    0.00    0.00   62.50
07:26:18 AM    2   21.65    0.00   15.46    0.00    0.00    0.00    0.00    0.00    0.00   62.89
07:26:18 AM    3   21.43    0.00   10.20    0.00    0.00    0.00    0.00    0.00    0.00   68.37
07:26:18 AM    4   32.63    0.00   28.42    0.00    0.00    0.00    0.00    0.00    0.00   38.95
07:26:18 AM    5   32.63    0.00   22.11    0.00    0.00    0.00    0.00    0.00    0.00   45.26
07:26:18 AM    6   30.21    0.00   23.96    0.00    0.00    0.00    0.00    0.00    0.00   45.83
07:26:18 AM    7   35.42    0.00   17.71    0.00    0.00    0.00    0.00    0.00    0.00   46.88

07:26:18 AM  CPU    %usr   %nice    %sys %iowait    %irq   %soft  %steal  %guest  %gnice   %idle
07:26:19 AM  all   25.35    0.00   17.83    0.00    0.00    9.30    0.00    0.00    0.00   47.52
07:26:19 AM    0    3.00    0.00    3.00    0.00    0.00   73.00    0.00    0.00    0.00   21.00
07:26:19 AM    1   25.25    0.00   19.19    0.00    0.00    0.00    0.00    0.00    0.00   55.56
07:26:19 AM    2   30.61    0.00   15.31    0.00    0.00    0.00    0.00    0.00    0.00   54.08
07:26:19 AM    3   28.57    0.00   15.31    0.00    0.00    0.00    0.00    0.00    0.00   56.12
07:26:19 AM    4   25.00    0.00   26.04    0.00    0.00    0.00    0.00    0.00    0.00   48.96
07:26:19 AM    5   31.00    0.00   24.00    0.00    0.00    0.00    0.00    0.00    0.00   45.00
07:26:19 AM    6   29.90    0.00   19.59    0.00    0.00    0.00    0.00    0.00    0.00   50.52
07:26:19 AM    7   29.90    0.00   20.62    0.00    0.00    0.00    0.00    0.00    0.00   49.48

07:26:19 AM  CPU    %usr   %nice    %sys %iowait    %irq   %soft  %steal  %guest  %gnice   %idle
07:26:20 AM  all   24.84    0.00   16.04    0.00    0.00    8.80    0.00    0.00    0.00   50.32
07:26:20 AM    0    5.05    0.00    3.03    0.00    0.00   68.69    0.00    0.00    0.00   23.23
07:26:20 AM    1   31.00    0.00   17.00    0.00    0.00    0.00    0.00    0.00    0.00   52.00
07:26:20 AM    2   29.90    0.00   12.37    0.00    0.00    0.00    0.00    0.00    0.00   57.73
07:26:20 AM    3   25.00    0.00   14.58    0.00    0.00    0.00    0.00    0.00    0.00   60.42
07:26:20 AM    4   27.66    0.00   22.34    0.00    0.00    0.00    0.00    0.00    0.00   50.00
07:26:20 AM    5   29.17    0.00   17.71    0.00    0.00    0.00    0.00    0.00    0.00   53.12
07:26:20 AM    6   26.04    0.00   22.92    0.00    0.00    0.00    0.00    0.00    0.00   51.04
07:26:20 AM    7   25.26    0.00   18.95    0.00    0.00    0.00    0.00    0.00    0.00   55.79

07:26:20 AM  CPU    %usr   %nice    %sys %iowait    %irq   %soft  %steal  %guest  %gnice   %idle
07:26:21 AM  all   24.46    0.00   17.54    0.00    0.00    9.09    0.00    0.00    0.00   48.91
07:26:21 AM    0    4.00    0.00    6.00    0.00    0.00   71.00    0.00    0.00    0.00   19.00
07:26:21 AM    1   25.77    0.00   17.53    0.00    0.00    0.00    0.00    0.00    0.00   56.70
07:26:21 AM    2   28.12    0.00   13.54    0.00    0.00    0.00    0.00    0.00    0.00   58.33
07:26:21 AM    3   24.49    0.00   13.27    0.00    0.00    0.00    0.00    0.00    0.00   62.24
07:26:21 AM    4   27.84    0.00   24.74    0.00    0.00    0.00    0.00    0.00    0.00   47.42
07:26:21 AM    5   29.29    0.00   23.23    0.00    0.00    0.00    0.00    0.00    0.00   47.47
07:26:21 AM    6   29.17    0.00   20.83    0.00    0.00    0.00    0.00    0.00    0.00   50.00
07:26:21 AM    7   27.55    0.00   21.43    0.00    0.00    0.00    0.00    0.00    0.00   51.02

07:26:21 AM  CPU    %usr   %nice    %sys %iowait    %irq   %soft  %steal  %guest  %gnice   %idle
07:26:22 AM  all   25.88    0.00   17.78    0.00    0.00    9.15    0.00    0.00    0.00   47.19
07:26:22 AM    0    3.12    0.00    3.12    0.00    0.00   72.92    0.00    0.00    0.00   20.83
07:26:22 AM    1   28.57    0.00   17.35    0.00    0.00    0.00    0.00    0.00    0.00   54.08
07:26:22 AM    2   25.51    0.00   12.24    0.00    0.00    0.00    0.00    0.00    0.00   62.24
07:26:22 AM    3   22.68    0.00    8.25    0.00    0.00    0.00    0.00    0.00    0.00   69.07
07:26:22 AM    4   31.52    0.00   28.26    0.00    0.00    0.00    0.00    0.00    0.00   40.22
07:26:22 AM    5   34.02    0.00   23.71    0.00    0.00    0.00    0.00    0.00    0.00   42.27
07:26:22 AM    6   28.72    0.00   25.53    0.00    0.00    0.00    0.00    0.00    0.00   45.74
07:26:22 AM    7   33.33    0.00   24.73    0.00    0.00    0.00    0.00    0.00    0.00   41.94

Average:     CPU    %usr   %nice    %sys %iowait    %irq   %soft  %steal  %guest  %gnice   %idle
Average:     all   25.22    0.00   17.29    0.00    0.00    8.63    0.00    0.00    0.00   48.86
Average:       0    5.50    0.00    4.98    0.00    0.00   68.33    0.00    0.00    0.00   21.19
Average:       1   24.94    0.00   13.89    0.02    0.00    0.00    0.00    0.00    0.00   61.15
Average:       2   23.58    0.00   12.36    0.00    0.00    0.02    0.00    0.00    0.00   64.04
Average:       3   24.97    0.00   11.93    0.00    0.00    0.00    0.00    0.00    0.00   63.10
Average:       4   31.70    0.00   26.18    0.00    0.00    0.02    0.00    0.00    0.00   42.10
Average:       5   30.09    0.00   23.65    0.00    0.00    0.00    0.00    0.00    0.00   46.26
Average:       6   30.12    0.00   23.56    0.00    0.00    0.02    0.00    0.00    0.00   46.30
Average:       7   31.20    0.00   22.06    0.00    0.00    0.00    0.00    0.00    0.00   46.73
