Linux 6.1.141 (king) 	08/21/2026 	_aarch64_	(8 CPU)

07:28:26 AM  CPU    %usr   %nice    %sys %iowait    %irq   %soft  %steal  %guest  %gnice   %idle
07:28:27 AM  all    9.04    0.00    9.04    0.00    0.00    0.00    0.00    0.00    0.00   81.91
07:28:27 AM    0   12.50    0.00   10.23    0.00    0.00    0.00    0.00    0.00    0.00   77.27
07:28:27 AM    1   11.11    0.00   10.10    0.00    0.00    0.00    0.00    0.00    0.00   78.79
07:28:27 AM    2   12.24    0.00    8.16    0.00    0.00    0.00    0.00    0.00    0.00   79.59
07:28:27 AM    3   10.20    0.00   10.20    0.00    0.00    0.00    0.00    0.00    0.00   79.59
07:28:27 AM    4    5.10    0.00   10.20    0.00    0.00    0.00    0.00    0.00    0.00   84.69
07:28:27 AM    5    7.07    0.00    9.09    0.00    0.00    0.00    0.00    0.00    0.00   83.84
07:28:27 AM    6    7.14    0.00    8.16    0.00    0.00    0.00    0.00    0.00    0.00   84.69
07:28:27 AM    7    7.29    0.00    6.25    0.00    0.00    0.00    0.00    0.00    0.00   86.46

07:28:27 AM  CPU    %usr   %nice    %sys %iowait    %irq   %soft  %steal  %guest  %gnice   %idle
07:28:28 AM  all    8.97    0.00    8.71    0.00    0.00    0.00    0.00    0.00    0.00   82.31
07:28:28 AM    0   10.23    0.00   11.36    0.00    0.00    0.00    0.00    0.00    0.00   78.41
07:28:28 AM    1   11.22    0.00    9.18    0.00    0.00    0.00    0.00    0.00    0.00   79.59
07:28:28 AM    2   11.22    0.00    9.18    0.00    0.00    0.00    0.00    0.00    0.00   79.59
07:28:28 AM    3    9.47    0.00    8.42    0.00    0.00    0.00    0.00    0.00    0.00   82.11
07:28:28 AM    4    8.16    0.00    8.16    0.00    0.00    0.00    0.00    0.00    0.00   83.67
07:28:28 AM    5    7.22    0.00    8.25    0.00    0.00    0.00    0.00    0.00    0.00   84.54
07:28:28 AM    6    8.00    0.00    9.00    0.00    0.00    0.00    0.00    0.00    0.00   83.00
07:28:28 AM    7    6.32    0.00    6.32    0.00    0.00    0.00    0.00    0.00    0.00   87.37

07:28:28 AM  CPU    %usr   %nice    %sys %iowait    %irq   %soft  %steal  %guest  %gnice   %idle
07:28:29 AM  all    9.00    0.00    7.17    0.00    0.00    0.00    0.00    0.00    0.00   83.83
07:28:29 AM    0   12.64    0.00    6.90    0.00    0.00    0.00    0.00    0.00    0.00   80.46
07:28:29 AM    1   12.50    0.00    5.21    0.00    0.00    0.00    0.00    0.00    0.00   82.29
07:28:29 AM    2   10.53    0.00    6.32    0.00    0.00    0.00    0.00    0.00    0.00   83.16
07:28:29 AM    3   11.22    0.00    8.16    0.00    0.00    0.00    0.00    0.00    0.00   80.61
07:28:29 AM    4    6.12    0.00    8.16    0.00    0.00    0.00    0.00    0.00    0.00   85.71
07:28:29 AM    5    6.12    0.00    8.16    0.00    0.00    0.00    0.00    0.00    0.00   85.71
07:28:29 AM    6    5.15    0.00    8.25    0.00    0.00    0.00    0.00    0.00    0.00   86.60
07:28:29 AM    7    8.16    0.00    6.12    0.00    0.00    0.00    0.00    0.00    0.00   85.71

07:28:29 AM  CPU    %usr   %nice    %sys %iowait    %irq   %soft  %steal  %guest  %gnice   %idle
07:28:30 AM  all    9.40    0.00    7.96    0.00    0.00    0.00    0.00    0.00    0.00   82.64
07:28:30 AM    0   13.95    0.00    5.81    0.00    0.00    0.00    0.00    0.00    0.00   80.23
07:28:30 AM    1    8.16    0.00   11.22    0.00    0.00    0.00    0.00    0.00    0.00   80.61
07:28:30 AM    2   12.24    0.00    8.16    0.00    0.00    0.00    0.00    0.00    0.00   79.59
07:28:30 AM    3   11.22    0.00    8.16    0.00    0.00    0.00    0.00    0.00    0.00   80.61
07:28:30 AM    4    8.16    0.00    8.16    0.00    0.00    0.00    0.00    0.00    0.00   83.67
07:28:30 AM    5    6.32    0.00    7.37    0.00    0.00    0.00    0.00    0.00    0.00   86.32
07:28:30 AM    6    7.14    0.00    9.18    0.00    0.00    0.00    0.00    0.00    0.00   83.67
07:28:30 AM    7    8.42    0.00    5.26    0.00    0.00    0.00    0.00    0.00    0.00   86.32

07:28:30 AM  CPU    %usr   %nice    %sys %iowait    %irq   %soft  %steal  %guest  %gnice   %idle
07:28:31 AM  all    9.38    0.00    7.94    0.00    0.00    0.00    0.00    0.00    0.00   82.68
07:28:31 AM    0   13.79    0.00    6.90    0.00    0.00    0.00    0.00    0.00    0.00   79.31
07:28:31 AM    1   13.68    0.00    4.21    0.00    0.00    0.00    0.00    0.00    0.00   82.11
07:28:31 AM    2   10.31    0.00    9.28    0.00    0.00    0.00    0.00    0.00    0.00   80.41
07:28:31 AM    3   12.12    0.00    9.09    0.00    0.00    0.00    0.00    0.00    0.00   78.79
07:28:31 AM    4    6.12    0.00    9.18    0.00    0.00    0.00    0.00    0.00    0.00   84.69
07:28:31 AM    5    9.09    0.00    7.07    0.00    0.00    0.00    0.00    0.00    0.00   83.84
07:28:31 AM    6    5.15    0.00    9.28    0.00    0.00    0.00    0.00    0.00    0.00   85.57
07:28:31 AM    7    5.21    0.00    8.33    0.00    0.00    0.00    0.00    0.00    0.00   86.46

07:28:31 AM  CPU    %usr   %nice    %sys %iowait    %irq   %soft  %steal  %guest  %gnice   %idle
07:28:32 AM  all    9.30    0.00    8.01    0.00    0.00    0.00    0.00    0.00    0.00   82.69
07:28:32 AM    0   13.48    0.00    8.99    0.00    0.00    0.00    0.00    0.00    0.00   77.53
07:28:32 AM    1   10.20    0.00    8.16    0.00    0.00    0.00    0.00    0.00    0.00   81.63
07:28:32 AM    2   10.20    0.00    9.18    0.00    0.00    0.00    0.00    0.00    0.00   80.61
07:28:32 AM    3   13.27    0.00    6.12    0.00    0.00    0.00    0.00    0.00    0.00   80.61
07:28:32 AM    4    7.14    0.00    8.16    0.00    0.00    0.00    0.00    0.00    0.00   84.69
07:28:32 AM    5    8.16    0.00    7.14    0.00    0.00    0.00    0.00    0.00    0.00   84.69
07:28:32 AM    6    5.15    0.00    9.28    0.00    0.00    0.00    0.00    0.00    0.00   85.57
07:28:32 AM    7    7.14    0.00    7.14    0.00    0.00    0.00    0.00    0.00    0.00   85.71

07:28:32 AM  CPU    %usr   %nice    %sys %iowait    %irq   %soft  %steal  %guest  %gnice   %idle
07:28:33 AM  all    9.48    0.00    8.05    0.00    0.00    0.00    0.00    0.00    0.00   82.47
07:28:33 AM    0   11.36    0.00   10.23    0.00    0.00    0.00    0.00    0.00    0.00   78.41
07:28:33 AM    1   12.24    0.00    8.16    0.00    0.00    0.00    0.00    0.00    0.00   79.59
07:28:33 AM    2   11.58    0.00    6.32    0.00    0.00    0.00    0.00    0.00    0.00   82.11
07:28:33 AM    3   11.22    0.00    8.16    0.00    0.00    0.00    0.00    0.00    0.00   80.61
07:28:33 AM    4    6.12    0.00    9.18    0.00    0.00    0.00    0.00    0.00    0.00   84.69
07:28:33 AM    5    7.22    0.00    7.22    0.00    0.00    0.00    0.00    0.00    0.00   85.57
07:28:33 AM    6    8.16    0.00    8.16    0.00    0.00    0.00    0.00    0.00    0.00   83.67
07:28:33 AM    7    8.16    0.00    7.14    0.00    0.00    0.00    0.00    0.00    0.00   84.69

07:28:33 AM  CPU    %usr   %nice    %sys %iowait    %irq   %soft  %steal  %guest  %gnice   %idle
07:28:34 AM  all    9.46    0.00    8.55    0.00    0.00    0.13    0.00    0.00    0.00   81.87
07:28:34 AM    0   14.77    0.00    6.82    0.00    0.00    1.14    0.00    0.00    0.00   77.27
07:28:34 AM    1    9.47    0.00    8.42    0.00    0.00    0.00    0.00    0.00    0.00   82.11
07:28:34 AM    2   13.27    0.00    7.14    0.00    0.00    0.00    0.00    0.00    0.00   79.59
07:28:34 AM    3   13.13    0.00    9.09    0.00    0.00    0.00    0.00    0.00    0.00   77.78
07:28:34 AM    4    7.92    0.00    9.90    0.00    0.00    0.00    0.00    0.00    0.00   82.18
07:28:34 AM    5    6.19    0.00    8.25    0.00    0.00    0.00    0.00    0.00    0.00   85.57
07:28:34 AM    6    4.17    0.00    9.38    0.00    0.00    0.00    0.00    0.00    0.00   86.46
07:28:34 AM    7    7.14    0.00    9.18    0.00    0.00    0.00    0.00    0.00    0.00   83.67

07:28:34 AM  CPU    %usr   %nice    %sys %iowait    %irq   %soft  %steal  %guest  %gnice   %idle
07:28:35 AM  all    9.60    0.00    7.39    0.00    0.00    0.00    0.00    0.00    0.00   83.01
07:28:35 AM    0   13.64    0.00    6.82    0.00    0.00    0.00    0.00    0.00    0.00   79.55
07:28:35 AM    1   11.46    0.00    6.25    0.00    0.00    0.00    0.00    0.00    0.00   82.29
07:28:35 AM    2   10.31    0.00    8.25    0.00    0.00    0.00    0.00    0.00    0.00   81.44
07:28:35 AM    3   14.29    0.00    5.10    0.00    0.00    0.00    0.00    0.00    0.00   80.61
07:28:35 AM    4    7.14    0.00    8.16    0.00    0.00    0.00    0.00    0.00    0.00   84.69
07:28:35 AM    5    6.19    0.00    8.25    0.00    0.00    0.00    0.00    0.00    0.00   85.57
07:28:35 AM    6    7.07    0.00    9.09    0.00    0.00    0.00    0.00    0.00    0.00   83.84
07:28:35 AM    7    7.14    0.00    7.14    0.00    0.00    0.00    0.00    0.00    0.00   85.71

07:28:35 AM  CPU    %usr   %nice    %sys %iowait    %irq   %soft  %steal  %guest  %gnice   %idle
07:28:36 AM  all    9.66    0.00    7.44    0.00    0.00    0.13    0.00    0.00    0.00   82.77
07:28:36 AM    0   14.77    0.00    6.82    0.00    0.00    1.14    0.00    0.00    0.00   77.27
07:28:36 AM    1   11.46    0.00    7.29    0.00    0.00    0.00    0.00    0.00    0.00   81.25
07:28:36 AM    2   11.46    0.00    7.29    0.00    0.00    0.00    0.00    0.00    0.00   81.25
07:28:36 AM    3   11.58    0.00    6.32    0.00    0.00    0.00    0.00    0.00    0.00   82.11
07:28:36 AM    4    9.00    0.00    8.00    0.00    0.00    0.00    0.00    0.00    0.00   83.00
07:28:36 AM    5    9.09    0.00    7.07    0.00    0.00    0.00    0.00    0.00    0.00   83.84
07:28:36 AM    6    5.21    0.00    8.33    0.00    0.00    0.00    0.00    0.00    0.00   86.46
07:28:36 AM    7    5.21    0.00    8.33    0.00    0.00    0.00    0.00    0.00    0.00   86.46

07:28:36 AM  CPU    %usr   %nice    %sys %iowait    %irq   %soft  %steal  %guest  %gnice   %idle
07:28:37 AM  all   10.03    0.00    7.29    0.00    0.00    0.00    0.00    0.00    0.00   82.68
07:28:37 AM    0   13.33    0.00    8.89    0.00    0.00    0.00    0.00    0.00    0.00   77.78
07:28:37 AM    1   11.46    0.00    7.29    0.00    0.00    0.00    0.00    0.00    0.00   81.25
07:28:37 AM    2   11.46    0.00    7.29    0.00    0.00    0.00    0.00    0.00    0.00   81.25
07:28:37 AM    3   13.27    0.00    7.14    0.00    0.00    0.00    0.00    0.00    0.00   79.59
07:28:37 AM    4    7.29    0.00    6.25    0.00    0.00    0.00    0.00    0.00    0.00   86.46
07:28:37 AM    5    8.08    0.00    8.08    0.00    0.00    0.00    0.00    0.00    0.00   83.84
07:28:37 AM    6    6.19    0.00    8.25    0.00    0.00    0.00    0.00    0.00    0.00   85.57
07:28:37 AM    7    9.38    0.00    5.21    0.00    0.00    0.00    0.00    0.00    0.00   85.42

07:28:37 AM  CPU    %usr   %nice    %sys %iowait    %irq   %soft  %steal  %guest  %gnice   %idle
07:28:38 AM  all    9.73    0.00    7.39    0.00    0.00    0.00    0.00    0.00    0.00   82.88
07:28:38 AM    0   15.73    0.00    6.74    0.00    0.00    0.00    0.00    0.00    0.00   77.53
07:28:38 AM    1   10.31    0.00    8.25    0.00    0.00    0.00    0.00    0.00    0.00   81.44
07:28:38 AM    2   12.37    0.00    6.19    0.00    0.00    0.00    0.00    0.00    0.00   81.44
07:28:38 AM    3   13.27    0.00    6.12    0.00    0.00    0.00    0.00    0.00    0.00   80.61
07:28:38 AM    4    7.22    0.00    7.22    0.00    0.00    0.00    0.00    0.00    0.00   85.57
07:28:38 AM    5    7.29    0.00    6.25    0.00    0.00    0.00    0.00    0.00    0.00   86.46
07:28:38 AM    6    8.08    0.00    8.08    0.00    0.00    0.00    0.00    0.00    0.00   83.84
07:28:38 AM    7    4.08    0.00   10.20    0.00    0.00    0.00    0.00    0.00    0.00   85.71

07:28:38 AM  CPU    %usr   %nice    %sys %iowait    %irq   %soft  %steal  %guest  %gnice   %idle
07:28:39 AM  all    9.09    0.00    8.57    0.00    0.00    0.00    0.00    0.00    0.00   82.34
07:28:39 AM    0   12.22    0.00   11.11    0.00    0.00    0.00    0.00    0.00    0.00   76.67
07:28:39 AM    1   10.64    0.00    6.38    0.00    0.00    0.00    0.00    0.00    0.00   82.98
07:28:39 AM    2   11.22    0.00    9.18    0.00    0.00    0.00    0.00    0.00    0.00   79.59
07:28:39 AM    3   11.22    0.00    9.18    0.00    0.00    0.00    0.00    0.00    0.00   79.59
07:28:39 AM    4    6.12    0.00    9.18    0.00    0.00    0.00    0.00    0.00    0.00   84.69
07:28:39 AM    5    7.22    0.00    8.25    0.00    0.00    0.00    0.00    0.00    0.00   84.54
07:28:39 AM    6    6.12    0.00    9.18    0.00    0.00    0.00    0.00    0.00    0.00   84.69
07:28:39 AM    7    8.25    0.00    6.19    0.00    0.00    0.00    0.00    0.00    0.00   85.57

07:28:39 AM  CPU    %usr   %nice    %sys %iowait    %irq   %soft  %steal  %guest  %gnice   %idle
07:28:40 AM  all   11.53    0.00    6.74    0.00    0.00    0.13    0.00    0.00    0.00   81.61
07:28:40 AM    0   14.44    0.00    8.89    0.00    0.00    1.11    0.00    0.00    0.00   75.56
07:28:40 AM    1   15.31    0.00    6.12    0.00    0.00    0.00    0.00    0.00    0.00   78.57
07:28:40 AM    2   15.31    0.00    5.10    0.00    0.00    0.00    0.00    0.00    0.00   79.59
07:28:40 AM    3   14.43    0.00    5.15    0.00    0.00    0.00    0.00    0.00    0.00   80.41
07:28:40 AM    4    9.28    0.00    6.19    0.00    0.00    0.00    0.00    0.00    0.00   84.54
07:28:40 AM    5    9.09    0.00    7.07    0.00    0.00    0.00    0.00    0.00    0.00   83.84
07:28:40 AM    6    6.19    0.00    9.28    0.00    0.00    0.00    0.00    0.00    0.00   84.54
07:28:40 AM    7    8.33    0.00    6.25    0.00    0.00    0.00    0.00    0.00    0.00   85.42

07:28:40 AM  CPU    %usr   %nice    %sys %iowait    %irq   %soft  %steal  %guest  %gnice   %idle
07:28:41 AM  all    9.48    0.00    7.14    0.00    0.00    0.00    0.00    0.00    0.00   83.38
07:28:41 AM    0   14.77    0.00    5.68    0.00    0.00    0.00    0.00    0.00    0.00   79.55
07:28:41 AM    1    9.57    0.00    6.38    0.00    0.00    0.00    0.00    0.00    0.00   84.04
07:28:41 AM    2   10.31    0.00    8.25    0.00    0.00    0.00    0.00    0.00    0.00   81.44
07:28:41 AM    3   12.24    0.00    7.14    0.00    0.00    0.00    0.00    0.00    0.00   80.61
07:28:41 AM    4    6.12    0.00    8.16    0.00    0.00    0.00    0.00    0.00    0.00   85.71
07:28:41 AM    5    8.08    0.00    8.08    0.00    0.00    0.00    0.00    0.00    0.00   83.84
07:28:41 AM    6    8.16    0.00    6.12    0.00    0.00    0.00    0.00    0.00    0.00   85.71
07:28:41 AM    7    7.14    0.00    7.14    0.00    0.00    0.00    0.00    0.00    0.00   85.71

07:28:41 AM  CPU    %usr   %nice    %sys %iowait    %irq   %soft  %steal  %guest  %gnice   %idle
07:28:42 AM  all   10.07    0.00    6.93    0.00    0.00    0.00    0.00    0.00    0.00   83.01
07:28:42 AM    0   13.79    0.00    6.90    0.00    0.00    0.00    0.00    0.00    0.00   79.31
07:28:42 AM    1   11.22    0.00    8.16    0.00    0.00    0.00    0.00    0.00    0.00   80.61
07:28:42 AM    2   12.63    0.00    5.26    0.00    0.00    0.00    0.00    0.00    0.00   82.11
07:28:42 AM    3   10.53    0.00    6.32    0.00    0.00    0.00    0.00    0.00    0.00   83.16
07:28:42 AM    4    9.28    0.00    6.19    0.00    0.00    0.00    0.00    0.00    0.00   84.54
07:28:42 AM    5    7.14    0.00    8.16    0.00    0.00    0.00    0.00    0.00    0.00   84.69
07:28:42 AM    6    8.16    0.00    8.16    0.00    0.00    0.00    0.00    0.00    0.00   83.67
07:28:42 AM    7    8.25    0.00    6.19    0.00    0.00    0.00    0.00    0.00    0.00   85.57

07:28:42 AM  CPU    %usr   %nice    %sys %iowait    %irq   %soft  %steal  %guest  %gnice   %idle
07:28:43 AM  all    9.34    0.00    7.24    0.00    0.00    0.00    0.00    0.00    0.00   83.42
07:28:43 AM    0   12.94    0.00    5.88    0.00    0.00    0.00    0.00    0.00    0.00   81.18
07:28:43 AM    1   11.46    0.00    7.29    0.00    0.00    0.00    0.00    0.00    0.00   81.25
07:28:43 AM    2   10.53    0.00    7.37    0.00    0.00    0.00    0.00    0.00    0.00   82.11
07:28:43 AM    3   13.40    0.00    6.19    0.00    0.00    0.00    0.00    0.00    0.00   80.41
07:28:43 AM    4    7.14    0.00    8.16    0.00    0.00    0.00    0.00    0.00    0.00   84.69
07:28:43 AM    5    6.25    0.00    7.29    0.00    0.00    0.00    0.00    0.00    0.00   86.46
07:28:43 AM    6    6.19    0.00    8.25    0.00    0.00    0.00    0.00    0.00    0.00   85.57
07:28:43 AM    7    7.29    0.00    7.29    0.00    0.00    0.00    0.00    0.00    0.00   85.42

07:28:43 AM  CPU    %usr   %nice    %sys %iowait    %irq   %soft  %steal  %guest  %gnice   %idle
07:28:44 AM  all    9.04    0.00    6.95    0.00    0.00    0.00    0.00    0.00    0.00   84.01
07:28:44 AM    0   13.64    0.00    6.82    0.00    0.00    0.00    0.00    0.00    0.00   79.55
07:28:44 AM    1   10.42    0.00    7.29    0.00    0.00    0.00    0.00    0.00    0.00   82.29
07:28:44 AM    2   11.46    0.00    6.25    0.00    0.00    0.00    0.00    0.00    0.00   82.29
07:28:44 AM    3   10.53    0.00    6.32    0.00    0.00    0.00    0.00    0.00    0.00   83.16
07:28:44 AM    4    8.25    0.00    5.15    0.00    0.00    0.00    0.00    0.00    0.00   86.60
07:28:44 AM    5    6.19    0.00    8.25    0.00    0.00    0.00    0.00    0.00    0.00   85.57
07:28:44 AM    6    6.32    0.00    6.32    0.00    0.00    0.00    0.00    0.00    0.00   87.37
07:28:44 AM    7    6.06    0.00    9.09    0.00    0.00    0.00    0.00    0.00    0.00   84.85

07:28:44 AM  CPU    %usr   %nice    %sys %iowait    %irq   %soft  %steal  %guest  %gnice   %idle
07:28:45 AM  all   10.95    0.00    6.52    0.00    0.00    0.00    0.00    0.00    0.00   82.53
07:28:45 AM    0   14.44    0.00    8.89    0.00    0.00    0.00    0.00    0.00    0.00   76.67
07:28:45 AM    1   12.63    0.00    6.32    0.00    0.00    0.00    0.00    0.00    0.00   81.05
07:28:45 AM    2   12.63    0.00    5.26    0.00    0.00    0.00    0.00    0.00    0.00   82.11
07:28:45 AM    3   13.54    0.00    5.21    0.00    0.00    0.00    0.00    0.00    0.00   81.25
07:28:45 AM    4    8.33    0.00    6.25    0.00    0.00    0.00    0.00    0.00    0.00   85.42
07:28:45 AM    5    8.25    0.00    6.19    0.00    0.00    0.00    0.00    0.00    0.00   85.57
07:28:45 AM    6   10.00    0.00    7.00    0.00    0.00    0.00    0.00    0.00    0.00   83.00
07:28:45 AM    7    8.16    0.00    7.14    0.00    0.00    0.00    0.00    0.00    0.00   84.69

07:28:45 AM  CPU    %usr   %nice    %sys %iowait    %irq   %soft  %steal  %guest  %gnice   %idle
07:28:46 AM  all    9.88    0.00    7.28    0.00    0.00    0.00    0.00    0.00    0.00   82.83
07:28:46 AM    0   11.63    0.00    8.14    0.00    0.00    0.00    0.00    0.00    0.00   80.23
07:28:46 AM    1   11.34    0.00    7.22    0.00    0.00    0.00    0.00    0.00    0.00   81.44
07:28:46 AM    2   11.46    0.00    6.25    0.00    0.00    0.00    0.00    0.00    0.00   82.29
07:28:46 AM    3   12.50    0.00    6.25    0.00    0.00    0.00    0.00    0.00    0.00   81.25
07:28:46 AM    4    7.22    0.00    7.22    0.00    0.00    0.00    0.00    0.00    0.00   85.57
07:28:46 AM    5   10.10    0.00    6.06    0.00    0.00    0.00    0.00    0.00    0.00   83.84
07:28:46 AM    6    7.00    0.00   10.00    0.00    0.00    0.00    0.00    0.00    0.00   83.00
07:28:46 AM    7    8.16    0.00    7.14    0.00    0.00    0.00    0.00    0.00    0.00   84.69

07:28:46 AM  CPU    %usr   %nice    %sys %iowait    %irq   %soft  %steal  %guest  %gnice   %idle
07:28:47 AM  all    9.82    0.00    7.62    0.00    0.00    0.13    0.00    0.00    0.00   82.43
07:28:47 AM    0   11.24    0.00    8.99    0.00    0.00    1.12    0.00    0.00    0.00   78.65
07:28:47 AM    1   11.58    0.00    6.32    0.00    0.00    0.00    0.00    0.00    0.00   82.11
07:28:47 AM    2   12.12    0.00    8.08    0.00    0.00    0.00    0.00    0.00    0.00   79.80
07:28:47 AM    3   12.24    0.00    7.14    0.00    0.00    0.00    0.00    0.00    0.00   80.61
07:28:47 AM    4    7.07    0.00    9.09    0.00    0.00    0.00    0.00    0.00    0.00   83.84
07:28:47 AM    5    8.16    0.00    7.14    0.00    0.00    0.00    0.00    0.00    0.00   84.69
07:28:47 AM    6    9.18    0.00    6.12    0.00    0.00    0.00    0.00    0.00    0.00   84.69
07:28:47 AM    7    7.14    0.00    8.16    0.00    0.00    0.00    0.00    0.00    0.00   84.69

07:28:47 AM  CPU    %usr   %nice    %sys %iowait    %irq   %soft  %steal  %guest  %gnice   %idle
07:28:48 AM  all    9.44    0.00    8.41    0.00    0.00    0.00    0.00    0.00    0.00   82.15
07:28:48 AM    0   13.33    0.00   10.00    0.00    0.00    0.00    0.00    0.00    0.00   76.67
07:28:48 AM    1   11.34    0.00    7.22    0.00    0.00    0.00    0.00    0.00    0.00   81.44
07:28:48 AM    2   11.46    0.00    7.29    0.00    0.00    0.00    0.00    0.00    0.00   81.25
07:28:48 AM    3   11.22    0.00    9.18    0.00    0.00    0.00    0.00    0.00    0.00   79.59
07:28:48 AM    4    8.33    0.00    5.21    0.00    0.00    0.00    0.00    0.00    0.00   86.46
07:28:48 AM    5    6.12    0.00    9.18    0.00    0.00    0.00    0.00    0.00    0.00   84.69
07:28:48 AM    6    7.14    0.00    9.18    0.00    0.00    0.00    0.00    0.00    0.00   83.67
07:28:48 AM    7    7.00    0.00   10.00    0.00    0.00    0.00    0.00    0.00    0.00   83.00

07:28:48 AM  CPU    %usr   %nice    %sys %iowait    %irq   %soft  %steal  %guest  %gnice   %idle
07:28:49 AM  all   10.12    0.00    7.52    0.00    0.00    0.00    0.00    0.00    0.00   82.36
07:28:49 AM    0   14.44    0.00    8.89    0.00    0.00    0.00    0.00    0.00    0.00   76.67
07:28:49 AM    1   12.50    0.00    6.25    0.00    0.00    0.00    0.00    0.00    0.00   81.25
07:28:49 AM    2   11.34    0.00    8.25    0.00    0.00    0.00    0.00    0.00    0.00   80.41
07:28:49 AM    3   10.31    0.00    8.25    0.00    0.00    0.00    0.00    0.00    0.00   81.44
07:28:49 AM    4    8.08    0.00    9.09    0.00    0.00    0.00    0.00    0.00    0.00   82.83
07:28:49 AM    5    9.28    0.00    5.15    0.00    0.00    0.00    0.00    0.00    0.00   85.57
07:28:49 AM    6    7.22    0.00    7.22    0.00    0.00    0.00    0.00    0.00    0.00   85.57
07:28:49 AM    7    8.16    0.00    7.14    0.00    0.00    0.00    0.00    0.00    0.00   84.69

07:28:49 AM  CPU    %usr   %nice    %sys %iowait    %irq   %soft  %steal  %guest  %gnice   %idle
07:28:50 AM  all   10.14    0.00    7.67    0.00    0.00    0.00    0.00    0.00    0.00   82.18
07:28:50 AM    0   15.73    0.00    7.87    0.00    0.00    0.00    0.00    0.00    0.00   76.40
07:28:50 AM    1   11.22    0.00    9.18    0.00    0.00    0.00    0.00    0.00    0.00   79.59
07:28:50 AM    2   11.46    0.00    8.33    0.00    0.00    0.00    0.00    0.00    0.00   80.21
07:28:50 AM    3   13.54    0.00    6.25    0.00    0.00    0.00    0.00    0.00    0.00   80.21
07:28:50 AM    4    9.09    0.00    7.07    0.00    0.00    0.00    0.00    0.00    0.00   83.84
07:28:50 AM    5    7.22    0.00    7.22    0.00    0.00    0.00    0.00    0.00    0.00   85.57
07:28:50 AM    6    7.22    0.00    7.22    0.00    0.00    0.00    0.00    0.00    0.00   85.57
07:28:50 AM    7    6.19    0.00    8.25    0.00    0.00    0.00    0.00    0.00    0.00   85.57

07:28:50 AM  CPU    %usr   %nice    %sys %iowait    %irq   %soft  %steal  %guest  %gnice   %idle
07:28:51 AM  all    9.81    0.00    8.52    0.00    0.00    0.00    0.00    0.00    0.00   81.68
07:28:51 AM    0   15.73    0.00    6.74    0.00    0.00    0.00    0.00    0.00    0.00   77.53
07:28:51 AM    1   11.46    0.00    8.33    0.00    0.00    0.00    0.00    0.00    0.00   80.21
07:28:51 AM    2   10.31    0.00    9.28    0.00    0.00    0.00    0.00    0.00    0.00   80.41
07:28:51 AM    3   13.27    0.00    7.14    0.00    0.00    0.00    0.00    0.00    0.00   79.59
07:28:51 AM    4    6.12    0.00    9.18    0.00    0.00    0.00    0.00    0.00    0.00   84.69
07:28:51 AM    5    6.12    0.00   10.20    0.00    0.00    0.00    0.00    0.00    0.00   83.67
07:28:51 AM    6    8.00    0.00    9.00    0.00    0.00    0.00    0.00    0.00    0.00   83.00
07:28:51 AM    7    8.08    0.00    8.08    0.00    0.00    0.00    0.00    0.00    0.00   83.84

07:28:51 AM  CPU    %usr   %nice    %sys %iowait    %irq   %soft  %steal  %guest  %gnice   %idle
07:28:52 AM  all    9.64    0.00    7.29    0.00    0.00    0.00    0.00    0.00    0.00   83.07
07:28:52 AM    0   14.44    0.00    8.89    0.00    0.00    0.00    0.00    0.00    0.00   76.67
07:28:52 AM    1   11.34    0.00    7.22    0.00    0.00    0.00    0.00    0.00    0.00   81.44
07:28:52 AM    2   11.46    0.00    6.25    0.00    0.00    0.00    0.00    0.00    0.00   82.29
07:28:52 AM    3   11.34    0.00    7.22    0.00    0.00    0.00    0.00    0.00    0.00   81.44
07:28:52 AM    4    7.22    0.00    7.22    0.00    0.00    0.00    0.00    0.00    0.00   85.57
07:28:52 AM    5    9.28    0.00    5.15    0.00    0.00    0.00    0.00    0.00    0.00   85.57
07:28:52 AM    6    6.25    0.00    7.29    0.00    0.00    0.00    0.00    0.00    0.00   86.46
07:28:52 AM    7    6.12    0.00    9.18    0.00    0.00    0.00    0.00    0.00    0.00   84.69

07:28:52 AM  CPU    %usr   %nice    %sys %iowait    %irq   %soft  %steal  %guest  %gnice   %idle
07:28:53 AM  all    9.20    0.00    7.10    0.00    0.00    0.00    0.00    0.00    0.00   83.71
07:28:53 AM    0   12.64    0.00    6.90    0.00    0.00    0.00    0.00    0.00    0.00   80.46
07:28:53 AM    1   12.50    0.00    6.25    0.00    0.00    0.00    0.00    0.00    0.00   81.25
07:28:53 AM    2   12.37    0.00    6.19    0.00    0.00    0.00    0.00    0.00    0.00   81.44
07:28:53 AM    3   11.46    0.00    7.29    0.00    0.00    0.00    0.00    0.00    0.00   81.25
07:28:53 AM    4    6.32    0.00    6.32    0.00    0.00    0.00    0.00    0.00    0.00   87.37
07:28:53 AM    5    6.19    0.00    8.25    0.00    0.00    0.00    0.00    0.00    0.00   85.57
07:28:53 AM    6    6.25    0.00    7.29    0.00    0.00    0.00    0.00    0.00    0.00   86.46
07:28:53 AM    7    6.19    0.00    8.25    0.00    0.00    0.00    0.00    0.00    0.00   85.57

07:28:53 AM  CPU    %usr   %nice    %sys %iowait    %irq   %soft  %steal  %guest  %gnice   %idle
07:28:54 AM  all    9.17    0.00    7.47    0.00    0.00    0.00    0.00    0.00    0.00   83.36
07:28:54 AM    0   14.77    0.00    6.82    0.00    0.00    0.00    0.00    0.00    0.00   78.41
07:28:54 AM    1    9.38    0.00    8.33    0.00    0.00    0.00    0.00    0.00    0.00   82.29
07:28:54 AM    2   13.54    0.00    5.21    0.00    0.00    0.00    0.00    0.00    0.00   81.25
07:28:54 AM    3   10.53    0.00    6.32    0.00    0.00    0.00    0.00    0.00    0.00   83.16
07:28:54 AM    4    6.25    0.00    8.33    0.00    0.00    0.00    0.00    0.00    0.00   85.42
07:28:54 AM    5    7.29    0.00    6.25    0.00    0.00    0.00    0.00    0.00    0.00   86.46
07:28:54 AM    6    6.19    0.00    8.25    0.00    0.00    0.00    0.00    0.00    0.00   85.57
07:28:54 AM    7    6.06    0.00   10.10    0.00    0.00    0.00    0.00    0.00    0.00   83.84

07:28:54 AM  CPU    %usr   %nice    %sys %iowait    %irq   %soft  %steal  %guest  %gnice   %idle
07:28:55 AM  all    9.39    0.00    8.60    0.00    0.00    0.00    0.00    0.00    0.00   82.01
07:28:55 AM    0   13.79    0.00    9.20    0.00    0.00    0.00    0.00    0.00    0.00   77.01
07:28:55 AM    1   12.37    0.00    8.25    0.00    0.00    0.00    0.00    0.00    0.00   79.38
07:28:55 AM    2   14.58    0.00    5.21    0.00    0.00    0.00    0.00    0.00    0.00   80.21
07:28:55 AM    3   11.58    0.00    7.37    0.00    0.00    0.00    0.00    0.00    0.00   81.05
07:28:55 AM    4    5.15    0.00    9.28    0.00    0.00    0.00    0.00    0.00    0.00   85.57
07:28:55 AM    5    7.14    0.00    9.18    0.00    0.00    0.00    0.00    0.00    0.00   83.67
07:28:55 AM    6    6.06    0.00   10.10    0.00    0.00    0.00    0.00    0.00    0.00   83.84
07:28:55 AM    7    5.10    0.00   10.20    0.00    0.00    0.00    0.00    0.00    0.00   84.69

07:28:55 AM  CPU    %usr   %nice    %sys %iowait    %irq   %soft  %steal  %guest  %gnice   %idle
07:28:56 AM  all   10.47    0.00    8.14    0.00    0.00    0.00    0.00    0.00    0.00   81.40
07:28:56 AM    0   14.77    0.00    7.95    0.00    0.00    0.00    0.00    0.00    0.00   77.27
07:28:56 AM    1   13.54    0.00    6.25    0.00    0.00    0.00    0.00    0.00    0.00   80.21
07:28:56 AM    2   13.27    0.00    7.14    0.00    0.00    0.00    0.00    0.00    0.00   79.59
07:28:56 AM    3   12.12    0.00    9.09    0.00    0.00    0.00    0.00    0.00    0.00   78.79
07:28:56 AM    4    9.18    0.00    7.14    0.00    0.00    0.00    0.00    0.00    0.00   83.67
07:28:56 AM    5    8.00    0.00    9.00    0.00    0.00    0.00    0.00    0.00    0.00   83.00
07:28:56 AM    6    7.14    0.00    9.18    0.00    0.00    0.00    0.00    0.00    0.00   83.67
07:28:56 AM    7    6.19    0.00    9.28    0.00    0.00    0.00    0.00    0.00    0.00   84.54

07:28:56 AM  CPU    %usr   %nice    %sys %iowait    %irq   %soft  %steal  %guest  %gnice   %idle
07:28:57 AM  all    9.34    0.00    7.78    0.00    0.00    0.00    0.00    0.00    0.00   82.88
07:28:57 AM    0   15.56    0.00    7.78    0.00    0.00    0.00    0.00    0.00    0.00   76.67
07:28:57 AM    1   10.31    0.00    8.25    0.00    0.00    0.00    0.00    0.00    0.00   81.44
07:28:57 AM    2   11.58    0.00    5.26    0.00    0.00    0.00    0.00    0.00    0.00   83.16
07:28:57 AM    3   11.22    0.00    8.16    0.00    0.00    0.00    0.00    0.00    0.00   80.61
07:28:57 AM    4    7.14    0.00    8.16    0.00    0.00    0.00    0.00    0.00    0.00   84.69
07:28:57 AM    5    5.10    0.00   10.20    0.00    0.00    0.00    0.00    0.00    0.00   84.69
07:28:57 AM    6    7.14    0.00    8.16    0.00    0.00    0.00    0.00    0.00    0.00   84.69
07:28:57 AM    7    7.22    0.00    6.19    0.00    0.00    0.00    0.00    0.00    0.00   86.60

07:28:57 AM  CPU    %usr   %nice    %sys %iowait    %irq   %soft  %steal  %guest  %gnice   %idle
07:28:58 AM  all    9.86    0.00    7.91    0.00    0.00    0.00    0.00    0.00    0.00   82.23
07:28:58 AM    0   14.77    0.00    6.82    0.00    0.00    0.00    0.00    0.00    0.00   78.41
07:28:58 AM    1    9.38    0.00    9.38    0.00    0.00    0.00    0.00    0.00    0.00   81.25
07:28:58 AM    2   13.13    0.00    8.08    0.00    0.00    0.00    0.00    0.00    0.00   78.79
07:28:58 AM    3   11.34    0.00    8.25    0.00    0.00    0.00    0.00    0.00    0.00   80.41
07:28:58 AM    4    6.19    0.00    8.25    0.00    0.00    0.00    0.00    0.00    0.00   85.57
07:28:58 AM    5    9.18    0.00    6.12    0.00    0.00    0.00    0.00    0.00    0.00   84.69
07:28:58 AM    6    7.22    0.00    7.22    0.00    0.00    0.00    0.00    0.00    0.00   85.57
07:28:58 AM    7    8.08    0.00    9.09    0.00    0.00    0.00    0.00    0.00    0.00   82.83

07:28:58 AM  CPU    %usr   %nice    %sys %iowait    %irq   %soft  %steal  %guest  %gnice   %idle
07:28:59 AM  all    9.92    0.00    8.12    0.00    0.00    0.00    0.00    0.00    0.00   81.96
07:28:59 AM    0   16.48    0.00    7.69    0.00    0.00    0.00    0.00    0.00    0.00   75.82
07:28:59 AM    1    9.18    0.00   10.20    0.00    0.00    0.00    0.00    0.00    0.00   80.61
07:28:59 AM    2   10.31    0.00    8.25    0.00    0.00    0.00    0.00    0.00    0.00   81.44
07:28:59 AM    3   12.24    0.00    8.16    0.00    0.00    0.00    0.00    0.00    0.00   79.59
07:28:59 AM    4    9.18    0.00    7.14    0.00    0.00    0.00    0.00    0.00    0.00   83.67
07:28:59 AM    5    6.12    0.00    9.18    0.00    0.00    0.00    0.00    0.00    0.00   84.69
07:28:59 AM    6    8.16    0.00    7.14    0.00    0.00    0.00    0.00    0.00    0.00   84.69
07:28:59 AM    7    8.16    0.00    7.14    0.00    0.00    0.00    0.00    0.00    0.00   84.69

07:28:59 AM  CPU    %usr   %nice    %sys %iowait    %irq   %soft  %steal  %guest  %gnice   %idle
07:29:00 AM  all   10.27    0.00    8.09    0.00    0.00    0.00    0.00    0.00    0.00   81.64
07:29:00 AM    0   12.50    0.00   10.23    0.00    0.00    0.00    0.00    0.00    0.00   77.27
07:29:00 AM    1   13.00    0.00    9.00    0.00    0.00    0.00    0.00    0.00    0.00   78.00
07:29:00 AM    2   14.14    0.00    7.07    0.00    0.00    0.00    0.00    0.00    0.00   78.79
07:29:00 AM    3   11.34    0.00    7.22    0.00    0.00    0.00    0.00    0.00    0.00   81.44
07:29:00 AM    4    8.25    0.00    6.19    0.00    0.00    0.00    0.00    0.00    0.00   85.57
07:29:00 AM    5    7.92    0.00    9.90    0.00    0.00    0.00    0.00    0.00    0.00   82.18
07:29:00 AM    6    7.14    0.00    8.16    0.00    0.00    0.00    0.00    0.00    0.00   84.69
07:29:00 AM    7    8.08    0.00    7.07    0.00    0.00    0.00    0.00    0.00    0.00   84.85

07:29:00 AM  CPU    %usr   %nice    %sys %iowait    %irq   %soft  %steal  %guest  %gnice   %idle
07:29:01 AM  all    9.15    0.00    8.10    0.00    0.00    0.00    0.00    0.00    0.00   82.75
07:29:01 AM    0   12.64    0.00    8.05    0.00    0.00    0.00    0.00    0.00    0.00   79.31
07:29:01 AM    1    8.33    0.00   10.42    0.00    0.00    0.00    0.00    0.00    0.00   81.25
07:29:01 AM    2   10.31    0.00    9.28    0.00    0.00    0.00    0.00    0.00    0.00   80.41
07:29:01 AM    3   10.64    0.00    6.38    0.00    0.00    0.00    0.00    0.00    0.00   82.98
07:29:01 AM    4    7.29    0.00    6.25    0.00    0.00    0.00    0.00    0.00    0.00   86.46
07:29:01 AM    5    8.08    0.00    9.09    0.00    0.00    0.00    0.00    0.00    0.00   82.83
07:29:01 AM    6    8.25    0.00    7.22    0.00    0.00    0.00    0.00    0.00    0.00   84.54
07:29:01 AM    7    8.08    0.00    8.08    0.00    0.00    0.00    0.00    0.00    0.00   83.84

07:29:01 AM  CPU    %usr   %nice    %sys %iowait    %irq   %soft  %steal  %guest  %gnice   %idle
07:29:02 AM  all   10.27    0.00    7.15    0.13    0.00    0.00    0.00    0.00    0.00   82.44
07:29:02 AM    0   12.64    0.00    8.05    0.00    0.00    0.00    0.00    0.00    0.00   79.31
07:29:02 AM    1   13.68    0.00    4.21    0.00    0.00    0.00    0.00    0.00    0.00   82.11
07:29:02 AM    2   13.40    0.00    6.19    0.00    0.00    0.00    0.00    0.00    0.00   80.41
07:29:02 AM    3   13.40    0.00    6.19    0.00    0.00    0.00    0.00    0.00    0.00   80.41
07:29:02 AM    4    9.18    0.00    6.12    0.00    0.00    0.00    0.00    0.00    0.00   84.69
07:29:02 AM    5    5.10    0.00   10.20    0.00    0.00    0.00    0.00    0.00    0.00   84.69
07:29:02 AM    6    7.07    0.00    9.09    0.00    0.00    0.00    0.00    0.00    0.00   83.84
07:29:02 AM    7    8.16    0.00    7.14    1.02    0.00    0.00    0.00    0.00    0.00   83.67

07:29:02 AM  CPU    %usr   %nice    %sys %iowait    %irq   %soft  %steal  %guest  %gnice   %idle
07:29:03 AM  all    9.22    0.00    7.92    0.00    0.00    0.00    0.00    0.00    0.00   82.86
07:29:03 AM    0   12.22    0.00   11.11    0.00    0.00    0.00    0.00    0.00    0.00   76.67
07:29:03 AM    1   10.53    0.00    7.37    0.00    0.00    0.00    0.00    0.00    0.00   82.11
07:29:03 AM    2   11.11    0.00    9.09    0.00    0.00    0.00    0.00    0.00    0.00   79.80
07:29:03 AM    3    9.38    0.00    8.33    0.00    0.00    0.00    0.00    0.00    0.00   82.29
07:29:03 AM    4    8.25    0.00    6.19    0.00    0.00    0.00    0.00    0.00    0.00   85.57
07:29:03 AM    5    9.28    0.00    5.15    0.00    0.00    0.00    0.00    0.00    0.00   85.57
07:29:03 AM    6    7.22    0.00    7.22    0.00    0.00    0.00    0.00    0.00    0.00   85.57
07:29:03 AM    7    6.06    0.00    9.09    0.00    0.00    0.00    0.00    0.00    0.00   84.85

07:29:03 AM  CPU    %usr   %nice    %sys %iowait    %irq   %soft  %steal  %guest  %gnice   %idle
07:29:04 AM  all   10.23    0.00    7.25    0.00    0.00    0.13    0.00    0.00    0.00   82.38
07:29:04 AM    0   11.11    0.00   10.00    0.00    0.00    1.11    0.00    0.00    0.00   77.78
07:29:04 AM    1   11.46    0.00    7.29    0.00    0.00    0.00    0.00    0.00    0.00   81.25
07:29:04 AM    2   12.50    0.00    6.25    0.00    0.00    0.00    0.00    0.00    0.00   81.25
07:29:04 AM    3   12.37    0.00    7.22    0.00    0.00    0.00    0.00    0.00    0.00   80.41
07:29:04 AM    4    9.09    0.00    7.07    0.00    0.00    0.00    0.00    0.00    0.00   83.84
07:29:04 AM    5    7.14    0.00    8.16    0.00    0.00    0.00    0.00    0.00    0.00   84.69
07:29:04 AM    6    8.25    0.00    6.19    0.00    0.00    0.00    0.00    0.00    0.00   85.57
07:29:04 AM    7   10.10    0.00    6.06    0.00    0.00    0.00    0.00    0.00    0.00   83.84

07:29:04 AM  CPU    %usr   %nice    %sys %iowait    %irq   %soft  %steal  %guest  %gnice   %idle
07:29:05 AM  all    9.82    0.00    7.33    0.00    0.00    0.00    0.00    0.00    0.00   82.85
07:29:05 AM    0   14.61    0.00    7.87    0.00    0.00    0.00    0.00    0.00    0.00   77.53
07:29:05 AM    1   13.54    0.00    5.21    0.00    0.00    0.00    0.00    0.00    0.00   81.25
07:29:05 AM    2   10.42    0.00    8.33    0.00    0.00    0.00    0.00    0.00    0.00   81.25
07:29:05 AM    3   12.50    0.00    6.25    0.00    0.00    0.00    0.00    0.00    0.00   81.25
07:29:05 AM    4    7.29    0.00    6.25    0.00    0.00    0.00    0.00    0.00    0.00   86.46
07:29:05 AM    5    6.12    0.00   10.20    0.00    0.00    0.00    0.00    0.00    0.00   83.67
07:29:05 AM    6    7.29    0.00    6.25    0.00    0.00    0.00    0.00    0.00    0.00   86.46
07:29:05 AM    7    7.22    0.00    8.25    0.00    0.00    0.00    0.00    0.00    0.00   84.54

07:29:05 AM  CPU    %usr   %nice    %sys %iowait    %irq   %soft  %steal  %guest  %gnice   %idle
07:29:06 AM  all    9.72    0.00    7.90    0.00    0.00    0.00    0.00    0.00    0.00   82.38
07:29:06 AM    0   15.91    0.00    6.82    0.00    0.00    0.00    0.00    0.00    0.00   77.27
07:29:06 AM    1   11.34    0.00    7.22    0.00    0.00    0.00    0.00    0.00    0.00   81.44
07:29:06 AM    2   10.31    0.00    9.28    0.00    0.00    0.00    0.00    0.00    0.00   80.41
07:29:06 AM    3   10.42    0.00    8.33    0.00    0.00    0.00    0.00    0.00    0.00   81.25
07:29:06 AM    4    4.21    0.00    8.42    0.00    0.00    0.00    0.00    0.00    0.00   87.37
07:29:06 AM    5    9.09    0.00    6.06    0.00    0.00    0.00    0.00    0.00    0.00   84.85
07:29:06 AM    6    7.92    0.00    9.90    0.00    0.00    0.00    0.00    0.00    0.00   82.18
07:29:06 AM    7    9.09    0.00    7.07    0.00    0.00    0.00    0.00    0.00    0.00   83.84

07:29:06 AM  CPU    %usr   %nice    %sys %iowait    %irq   %soft  %steal  %guest  %gnice   %idle
07:29:07 AM  all   10.01    0.00    7.80    0.00    0.00    0.00    0.00    0.00    0.00   82.18
07:29:07 AM    0   16.67    0.00    6.67    0.00    0.00    0.00    0.00    0.00    0.00   76.67
07:29:07 AM    1   10.42    0.00    8.33    0.00    0.00    0.00    0.00    0.00    0.00   81.25
07:29:07 AM    2    9.38    0.00    9.38    0.00    0.00    0.00    0.00    0.00    0.00   81.25
07:29:07 AM    3   12.24    0.00    8.16    0.00    0.00    0.00    0.00    0.00    0.00   79.59
07:29:07 AM    4    7.14    0.00    9.18    0.00    0.00    0.00    0.00    0.00    0.00   83.67
07:29:07 AM    5    8.33    0.00    6.25    0.00    0.00    0.00    0.00    0.00    0.00   85.42
07:29:07 AM    6    8.16    0.00    7.14    0.00    0.00    0.00    0.00    0.00    0.00   84.69
07:29:07 AM    7    8.25    0.00    7.22    0.00    0.00    0.00    0.00    0.00    0.00   84.54

07:29:07 AM  CPU    %usr   %nice    %sys %iowait    %irq   %soft  %steal  %guest  %gnice   %idle
07:29:08 AM  all    9.44    0.00    8.67    0.00    0.00    0.00    0.00    0.00    0.00   81.89
07:29:08 AM    0   14.44    0.00    8.89    0.00    0.00    0.00    0.00    0.00    0.00   76.67
07:29:08 AM    1   12.24    0.00    9.18    0.00    0.00    0.00    0.00    0.00    0.00   78.57
07:29:08 AM    2   12.37    0.00    7.22    0.00    0.00    0.00    0.00    0.00    0.00   80.41
07:29:08 AM    3   11.22    0.00    9.18    0.00    0.00    0.00    0.00    0.00    0.00   79.59
07:29:08 AM    4    7.14    0.00    8.16    0.00    0.00    0.00    0.00    0.00    0.00   84.69
07:29:08 AM    5    6.32    0.00    6.32    0.00    0.00    0.00    0.00    0.00    0.00   87.37
07:29:08 AM    6    6.06    0.00   11.11    0.00    0.00    0.00    0.00    0.00    0.00   82.83
07:29:08 AM    7    6.12    0.00    9.18    0.00    0.00    0.00    0.00    0.00    0.00   84.69

07:29:08 AM  CPU    %usr   %nice    %sys %iowait    %irq   %soft  %steal  %guest  %gnice   %idle
07:29:09 AM  all    9.42    0.00    8.26    0.00    0.00    0.00    0.00    0.00    0.00   82.32
07:29:09 AM    0   12.36    0.00   10.11    0.00    0.00    0.00    0.00    0.00    0.00   77.53
07:29:09 AM    1   11.46    0.00    6.25    0.00    0.00    0.00    0.00    0.00    0.00   82.29
07:29:09 AM    2   11.22    0.00    8.16    0.00    0.00    0.00    0.00    0.00    0.00   80.61
07:29:09 AM    3   11.34    0.00    7.22    0.00    0.00    0.00    0.00    0.00    0.00   81.44
07:29:09 AM    4    5.10    0.00   10.20    0.00    0.00    0.00    0.00    0.00    0.00   84.69
07:29:09 AM    5   10.00    0.00    7.00    0.00    0.00    0.00    0.00    0.00    0.00   83.00
07:29:09 AM    6    7.22    0.00    7.22    0.00    0.00    0.00    0.00    0.00    0.00   85.57
07:29:09 AM    7    7.00    0.00   10.00    0.00    0.00    0.00    0.00    0.00    0.00   83.00

07:29:09 AM  CPU    %usr   %nice    %sys %iowait    %irq   %soft  %steal  %guest  %gnice   %idle
07:29:10 AM  all    9.54    0.00    7.71    0.00    0.00    0.00    0.00    0.00    0.00   82.75
07:29:10 AM    0   13.64    0.00    6.82    0.00    0.00    0.00    0.00    0.00    0.00   79.55
07:29:10 AM    1   12.50    0.00    6.25    0.00    0.00    0.00    0.00    0.00    0.00   81.25
07:29:10 AM    2   12.50    0.00    6.25    0.00    0.00    0.00    0.00    0.00    0.00   81.25
07:29:10 AM    3   10.42    0.00    8.33    0.00    0.00    0.00    0.00    0.00    0.00   81.25
07:29:10 AM    4    5.15    0.00    9.28    0.00    0.00    0.00    0.00    0.00    0.00   85.57
07:29:10 AM    5    9.28    0.00    8.25    0.00    0.00    0.00    0.00    0.00    0.00   82.47
07:29:10 AM    6    6.19    0.00    8.25    0.00    0.00    0.00    0.00    0.00    0.00   85.57
07:29:10 AM    7    7.14    0.00    8.16    0.00    0.00    0.00    0.00    0.00    0.00   84.69

07:29:10 AM  CPU    %usr   %nice    %sys %iowait    %irq   %soft  %steal  %guest  %gnice   %idle
07:29:11 AM  all    9.87    0.00    7.92    0.00    0.00    0.13    0.00    0.00    0.00   82.08
07:29:11 AM    0   13.64    0.00    7.95    0.00    0.00    1.14    0.00    0.00    0.00   77.27
07:29:11 AM    1   11.34    0.00    8.25    0.00    0.00    0.00    0.00    0.00    0.00   80.41
07:29:11 AM    2   11.46    0.00    7.29    0.00    0.00    0.00    0.00    0.00    0.00   81.25
07:29:11 AM    3   12.37    0.00    7.22    0.00    0.00    0.00    0.00    0.00    0.00   80.41
07:29:11 AM    4    7.07    0.00   10.10    0.00    0.00    0.00    0.00    0.00    0.00   82.83
07:29:11 AM    5    7.22    0.00    8.25    0.00    0.00    0.00    0.00    0.00    0.00   84.54
07:29:11 AM    6    7.22    0.00    7.22    0.00    0.00    0.00    0.00    0.00    0.00   85.57
07:29:11 AM    7    9.09    0.00    7.07    0.00    0.00    0.00    0.00    0.00    0.00   83.84

Average:     CPU    %usr   %nice    %sys %iowait    %irq   %soft  %steal  %guest  %gnice   %idle
Average:     all    9.68    0.00    7.75    0.00    0.00    0.02    0.00    0.00    0.00   82.55
Average:       0   13.74    0.00    8.14    0.00    0.00    0.15    0.00    0.00    0.00   77.96
Average:       1   11.37    0.00    7.55    0.00    0.00    0.00    0.00    0.00    0.00   81.07
Average:       2   11.75    0.00    7.39    0.00    0.00    0.00    0.00    0.00    0.00   80.85
Average:       3   11.84    0.00    7.42    0.00    0.00    0.00    0.00    0.00    0.00   80.73
Average:       4    7.29    0.00    7.83    0.00    0.00    0.00    0.00    0.00    0.00   84.88
Average:       5    7.55    0.00    7.75    0.00    0.00    0.00    0.00    0.00    0.00   84.70
Average:       6    7.03    0.00    8.16    0.00    0.00    0.00    0.00    0.00    0.00   84.81
Average:       7    7.32    0.00    7.75    0.02    0.00    0.00    0.00    0.00    0.00   84.90
