Linux 6.1.141 (king) 	08/20/2026 	_aarch64_	(8 CPU)

10:10:36 AM  CPU    %usr   %nice    %sys %iowait    %irq   %soft  %steal  %guest  %gnice   %idle
10:10:37 AM  all   18.32    0.00   11.48    0.00    0.00    6.06    0.00    0.00    0.00   64.13
10:10:37 AM    0   10.53    0.00    7.37    0.00    0.00   49.47    0.00    0.00    0.00   32.63
10:10:37 AM    1   26.04    0.00   14.58    0.00    0.00    0.00    0.00    0.00    0.00   59.38
10:10:37 AM    2   17.89    0.00   11.58    0.00    0.00    0.00    0.00    0.00    0.00   70.53
10:10:37 AM    3   22.92    0.00    8.33    0.00    0.00    0.00    0.00    0.00    0.00   68.75
10:10:37 AM    4   20.62    0.00   12.37    0.00    0.00    0.00    0.00    0.00    0.00   67.01
10:10:37 AM    5   14.43    0.00   12.37    0.00    0.00    0.00    0.00    0.00    0.00   73.20
10:10:37 AM    6   16.33    0.00   12.24    0.00    0.00    0.00    0.00    0.00    0.00   71.43
10:10:37 AM    7   17.82    0.00   12.87    0.00    0.00    0.00    0.00    0.00    0.00   69.31

10:10:37 AM  CPU    %usr   %nice    %sys %iowait    %irq   %soft  %steal  %guest  %gnice   %idle
10:10:38 AM  all   17.63    0.00   12.87    0.00    0.00    6.44    0.00    0.00    0.00   63.06
10:10:38 AM    0   10.31    0.00    7.22    0.00    0.00   51.55    0.00    0.00    0.00   30.93
10:10:38 AM    1   22.77    0.00   20.79    0.00    0.00    0.00    0.00    0.00    0.00   56.44
10:10:38 AM    2   20.41    0.00   15.31    0.00    0.00    0.00    0.00    0.00    0.00   64.29
10:10:38 AM    3   21.28    0.00   19.15    0.00    0.00    0.00    0.00    0.00    0.00   59.57
10:10:38 AM    4   15.46    0.00   13.40    0.00    0.00    0.00    0.00    0.00    0.00   71.13
10:10:38 AM    5   14.89    0.00    7.45    0.00    0.00    0.00    0.00    0.00    0.00   77.66
10:10:38 AM    6   18.37    0.00    9.18    0.00    0.00    0.00    0.00    0.00    0.00   72.45
10:10:38 AM    7   17.35    0.00   10.20    0.00    0.00    0.00    0.00    0.00    0.00   72.45

10:10:38 AM  CPU    %usr   %nice    %sys %iowait    %irq   %soft  %steal  %guest  %gnice   %idle
10:10:39 AM  all   18.82    0.00   13.57    0.00    0.00    7.04    0.00    0.00    0.00   60.56
10:10:39 AM    0   12.37    0.00    5.15    0.00    0.00   56.70    0.00    0.00    0.00   25.77
10:10:39 AM    1   22.00    0.00   23.00    0.00    0.00    0.00    0.00    0.00    0.00   55.00
10:10:39 AM    2   23.40    0.00   15.96    0.00    0.00    0.00    0.00    0.00    0.00   60.64
10:10:39 AM    3   22.68    0.00   14.43    0.00    0.00    0.00    0.00    0.00    0.00   62.89
10:10:39 AM    4   18.56    0.00   13.40    0.00    0.00    0.00    0.00    0.00    0.00   68.04
10:10:39 AM    5   17.17    0.00   12.12    0.00    0.00    0.00    0.00    0.00    0.00   70.71
10:10:39 AM    6   19.00    0.00   13.00    0.00    0.00    0.00    0.00    0.00    0.00   68.00
10:10:39 AM    7   15.46    0.00   11.34    0.00    0.00    0.00    0.00    0.00    0.00   73.20

10:10:39 AM  CPU    %usr   %nice    %sys %iowait    %irq   %soft  %steal  %guest  %gnice   %idle
10:10:40 AM  all   19.13    0.00   12.84    0.00    0.00    6.42    0.00    0.00    0.00   61.62
10:10:40 AM    0   13.27    0.00   10.20    0.00    0.00   51.02    0.00    0.00    0.00   25.51
10:10:40 AM    1   22.92    0.00   15.62    0.00    0.00    0.00    0.00    0.00    0.00   61.46
10:10:40 AM    2   21.21    0.00   13.13    0.00    0.00    0.00    0.00    0.00    0.00   65.66
10:10:40 AM    3   24.24    0.00   12.12    0.00    0.00    0.00    0.00    0.00    0.00   63.64
10:10:40 AM    4   18.37    0.00   16.33    0.00    0.00    0.00    0.00    0.00    0.00   65.31
10:10:40 AM    5   19.59    0.00   13.40    0.00    0.00    0.00    0.00    0.00    0.00   67.01
10:10:40 AM    6   17.71    0.00   12.50    0.00    0.00    0.00    0.00    0.00    0.00   69.79
10:10:40 AM    7   15.62    0.00    9.38    0.00    0.00    0.00    0.00    0.00    0.00   75.00

10:10:40 AM  CPU    %usr   %nice    %sys %iowait    %irq   %soft  %steal  %guest  %gnice   %idle
10:10:41 AM  all   19.70    0.00   12.33    0.00    0.00    6.10    0.00    0.00    0.00   61.88
10:10:41 AM    0   12.24    0.00    8.16    0.00    0.00   48.98    0.00    0.00    0.00   30.61
10:10:41 AM    1   21.65    0.00   12.37    0.00    0.00    0.00    0.00    0.00    0.00   65.98
10:10:41 AM    2   23.71    0.00   15.46    0.00    0.00    0.00    0.00    0.00    0.00   60.82
10:10:41 AM    3   22.45    0.00   13.27    0.00    0.00    0.00    0.00    0.00    0.00   64.29
10:10:41 AM    4   20.79    0.00   14.85    0.00    0.00    0.00    0.00    0.00    0.00   64.36
10:10:41 AM    5   20.20    0.00   15.15    0.00    0.00    0.00    0.00    0.00    0.00   64.65
10:10:41 AM    6   17.35    0.00   10.20    0.00    0.00    0.00    0.00    0.00    0.00   72.45
10:10:41 AM    7   19.19    0.00    9.09    0.00    0.00    0.00    0.00    0.00    0.00   71.72

10:10:41 AM  CPU    %usr   %nice    %sys %iowait    %irq   %soft  %steal  %guest  %gnice   %idle
10:10:42 AM  all   16.54    0.00   12.56    0.00    0.00    6.28    0.00    0.00    0.00   64.62
10:10:42 AM    0    9.18    0.00    8.16    0.00    0.00   50.00    0.00    0.00    0.00   32.65
10:10:42 AM    1   17.02    0.00   15.96    0.00    0.00    0.00    0.00    0.00    0.00   67.02
10:10:42 AM    2   20.00    0.00   17.00    0.00    0.00    0.00    0.00    0.00    0.00   63.00
10:10:42 AM    3   18.75    0.00   15.62    0.00    0.00    0.00    0.00    0.00    0.00   65.62
10:10:42 AM    4   15.15    0.00   15.15    0.00    0.00    0.00    0.00    0.00    0.00   69.70
10:10:42 AM    5   19.39    0.00   11.22    0.00    0.00    0.00    0.00    0.00    0.00   69.39
10:10:42 AM    6   15.46    0.00    8.25    0.00    0.00    0.00    0.00    0.00    0.00   76.29
10:10:42 AM    7   17.35    0.00    9.18    0.00    0.00    0.00    0.00    0.00    0.00   73.47

10:10:42 AM  CPU    %usr   %nice    %sys %iowait    %irq   %soft  %steal  %guest  %gnice   %idle
10:10:43 AM  all   18.06    0.00   11.48    0.00    0.00    6.58    0.00    0.00    0.00   63.87
10:10:43 AM    0   10.31    0.00    5.15    0.00    0.00   52.58    0.00    0.00    0.00   31.96
10:10:43 AM    1   23.16    0.00   12.63    0.00    0.00    0.00    0.00    0.00    0.00   64.21
10:10:43 AM    2   21.43    0.00   16.33    0.00    0.00    0.00    0.00    0.00    0.00   62.24
10:10:43 AM    3   20.62    0.00    8.25    0.00    0.00    0.00    0.00    0.00    0.00   71.13
10:10:43 AM    4   19.59    0.00   12.37    0.00    0.00    0.00    0.00    0.00    0.00   68.04
10:10:43 AM    5   18.75    0.00   12.50    0.00    0.00    0.00    0.00    0.00    0.00   68.75
10:10:43 AM    6   16.16    0.00   11.11    0.00    0.00    0.00    0.00    0.00    0.00   72.73
10:10:43 AM    7   14.58    0.00   13.54    0.00    0.00    0.00    0.00    0.00    0.00   71.88

10:10:43 AM  CPU    %usr   %nice    %sys %iowait    %irq   %soft  %steal  %guest  %gnice   %idle
10:10:44 AM  all   18.33    0.00   13.59    0.00    0.00    6.67    0.00    0.00    0.00   61.41
10:10:44 AM    0   12.24    0.00    7.14    0.00    0.00   53.06    0.00    0.00    0.00   27.55
10:10:44 AM    1   23.23    0.00   19.19    0.00    0.00    0.00    0.00    0.00    0.00   57.58
10:10:44 AM    2   25.53    0.00   17.02    0.00    0.00    0.00    0.00    0.00    0.00   57.45
10:10:44 AM    3   25.25    0.00   13.13    0.00    0.00    0.00    0.00    0.00    0.00   61.62
10:10:44 AM    4   13.83    0.00   11.70    0.00    0.00    0.00    0.00    0.00    0.00   74.47
10:10:44 AM    5   17.71    0.00   10.42    0.00    0.00    0.00    0.00    0.00    0.00   71.88
10:10:44 AM    6   15.15    0.00   14.14    0.00    0.00    0.00    0.00    0.00    0.00   70.71
10:10:44 AM    7   13.86    0.00   15.84    0.00    0.00    0.00    0.00    0.00    0.00   70.30

10:10:44 AM  CPU    %usr   %nice    %sys %iowait    %irq   %soft  %steal  %guest  %gnice   %idle
10:10:45 AM  all   18.50    0.00   12.81    0.00    0.00    6.60    0.00    0.00    0.00   62.10
10:10:45 AM    0   11.11    0.00    9.09    0.00    0.00   51.52    0.00    0.00    0.00   28.28
10:10:45 AM    1   26.60    0.00   12.77    0.00    0.00    0.00    0.00    0.00    0.00   60.64
10:10:45 AM    2   21.65    0.00   10.31    0.00    0.00    0.00    0.00    0.00    0.00   68.04
10:10:45 AM    3   21.65    0.00   18.56    0.00    0.00    0.00    0.00    0.00    0.00   59.79
10:10:45 AM    4   17.35    0.00   12.24    0.00    0.00    0.00    0.00    0.00    0.00   70.41
10:10:45 AM    5   17.02    0.00   15.96    0.00    0.00    0.00    0.00    0.00    0.00   67.02
10:10:45 AM    6   17.71    0.00   13.54    0.00    0.00    0.00    0.00    0.00    0.00   68.75
10:10:45 AM    7   15.31    0.00   10.20    0.00    0.00    0.00    0.00    0.00    0.00   74.49

10:10:45 AM  CPU    %usr   %nice    %sys %iowait    %irq   %soft  %steal  %guest  %gnice   %idle
10:10:46 AM  all   18.48    0.00   10.08    0.13    0.00    5.68    0.00    0.00    0.00   65.63
10:10:46 AM    0   14.29    0.00    6.12    0.00    0.00   44.90    0.00    0.00    0.00   34.69
10:10:46 AM    1   20.62    0.00   13.40    0.00    0.00    0.00    0.00    0.00    0.00   65.98
10:10:46 AM    2   24.47    0.00    9.57    0.00    0.00    0.00    0.00    0.00    0.00   65.96
10:10:46 AM    3   23.71    0.00   12.37    0.00    0.00    0.00    0.00    0.00    0.00   63.92
10:10:46 AM    4   15.46    0.00   12.37    0.00    0.00    0.00    0.00    0.00    0.00   72.16
10:10:46 AM    5   19.19    0.00   11.11    1.01    0.00    0.00    0.00    0.00    0.00   68.69
10:10:46 AM    6   15.62    0.00    8.33    0.00    0.00    0.00    0.00    0.00    0.00   76.04
10:10:46 AM    7   14.58    0.00    7.29    0.00    0.00    0.00    0.00    0.00    0.00   78.12

10:10:46 AM  CPU    %usr   %nice    %sys %iowait    %irq   %soft  %steal  %guest  %gnice   %idle
10:10:47 AM  all   16.18    0.00   12.61    0.00    0.00    6.50    0.00    0.00    0.00   64.71
10:10:47 AM    0    8.25    0.00   10.31    0.00    0.00   52.58    0.00    0.00    0.00   28.87
10:10:47 AM    1   21.00    0.00   23.00    0.00    0.00    0.00    0.00    0.00    0.00   56.00
10:10:47 AM    2   21.65    0.00   16.49    0.00    0.00    0.00    0.00    0.00    0.00   61.86
10:10:47 AM    3   18.75    0.00   16.67    0.00    0.00    0.00    0.00    0.00    0.00   64.58
10:10:47 AM    4   17.00    0.00   11.00    0.00    0.00    0.00    0.00    0.00    0.00   72.00
10:10:47 AM    5   13.54    0.00    7.29    0.00    0.00    0.00    0.00    0.00    0.00   79.17
10:10:47 AM    6   15.84    0.00    7.92    0.00    0.00    0.00    0.00    0.00    0.00   76.24
10:10:47 AM    7   13.27    0.00    8.16    0.00    0.00    0.00    0.00    0.00    0.00   78.57

10:10:47 AM  CPU    %usr   %nice    %sys %iowait    %irq   %soft  %steal  %guest  %gnice   %idle
10:10:48 AM  all   16.39    0.00   11.35    0.00    0.00    5.55    0.00    0.00    0.00   66.71
10:10:48 AM    0   11.46    0.00   10.42    0.00    0.00   44.79    0.00    0.00    0.00   33.33
10:10:48 AM    1   23.96    0.00   11.46    0.00    0.00    0.00    0.00    0.00    0.00   64.58
10:10:48 AM    2   18.37    0.00   10.20    0.00    0.00    0.00    0.00    0.00    0.00   71.43
10:10:48 AM    3   19.39    0.00   15.31    0.00    0.00    0.00    0.00    0.00    0.00   65.31
10:10:48 AM    4   13.27    0.00   14.29    0.00    0.00    0.00    0.00    0.00    0.00   72.45
10:10:48 AM    5   15.15    0.00   11.11    0.00    0.00    0.00    0.00    0.00    0.00   73.74
10:10:48 AM    6   13.98    0.00    8.60    0.00    0.00    0.00    0.00    0.00    0.00   77.42
10:10:48 AM    7   15.46    0.00    9.28    0.00    0.00    0.00    0.00    0.00    0.00   75.26

10:10:48 AM  CPU    %usr   %nice    %sys %iowait    %irq   %soft  %steal  %guest  %gnice   %idle
10:10:49 AM  all   16.20    0.00   11.05    0.00    0.00    5.53    0.00    0.00    0.00   67.22
10:10:49 AM    0    7.37    0.00    5.26    0.00    0.00   45.26    0.00    0.00    0.00   42.11
10:10:49 AM    1   22.68    0.00    8.25    0.00    0.00    0.00    0.00    0.00    0.00   69.07
10:10:49 AM    2   20.21    0.00    8.51    0.00    0.00    0.00    0.00    0.00    0.00   71.28
10:10:49 AM    3   19.80    0.00   19.80    0.00    0.00    0.00    0.00    0.00    0.00   60.40
10:10:49 AM    4   15.79    0.00    9.47    0.00    0.00    0.00    0.00    0.00    0.00   74.74
10:10:49 AM    5   15.62    0.00   10.42    0.00    0.00    0.00    0.00    0.00    0.00   73.96
10:10:49 AM    6   14.00    0.00   13.00    0.00    0.00    0.00    0.00    0.00    0.00   73.00
10:10:49 AM    7   14.00    0.00   13.00    0.00    0.00    0.00    0.00    0.00    0.00   73.00

10:10:49 AM  CPU    %usr   %nice    %sys %iowait    %irq   %soft  %steal  %guest  %gnice   %idle
10:10:50 AM  all   17.08    0.00   11.90    0.00    0.00    5.69    0.00    0.00    0.00   65.33
10:10:50 AM    0   14.89    0.00    6.38    0.00    0.00   46.81    0.00    0.00    0.00   31.91
10:10:50 AM    1   22.68    0.00   11.34    0.00    0.00    0.00    0.00    0.00    0.00   65.98
10:10:50 AM    2   18.95    0.00   15.79    0.00    0.00    0.00    0.00    0.00    0.00   65.26
10:10:50 AM    3   19.00    0.00   13.00    0.00    0.00    0.00    0.00    0.00    0.00   68.00
10:10:50 AM    4   16.49    0.00   14.43    0.00    0.00    0.00    0.00    0.00    0.00   69.07
10:10:50 AM    5   16.49    0.00   11.34    0.00    0.00    0.00    0.00    0.00    0.00   72.16
10:10:50 AM    6   14.43    0.00   12.37    0.00    0.00    0.00    0.00    0.00    0.00   73.20
10:10:50 AM    7   13.54    0.00   10.42    0.00    0.00    0.00    0.00    0.00    0.00   76.04

10:10:50 AM  CPU    %usr   %nice    %sys %iowait    %irq   %soft  %steal  %guest  %gnice   %idle
10:10:51 AM  all   17.44    0.00   12.79    0.00    0.00    6.33    0.00    0.00    0.00   63.44
10:10:51 AM    0    8.25    0.00    8.25    0.00    0.00   50.52    0.00    0.00    0.00   32.99
10:10:51 AM    1   25.00    0.00   15.62    0.00    0.00    0.00    0.00    0.00    0.00   59.38
10:10:51 AM    2   21.28    0.00   12.77    0.00    0.00    0.00    0.00    0.00    0.00   65.96
10:10:51 AM    3   18.56    0.00   14.43    0.00    0.00    0.00    0.00    0.00    0.00   67.01
10:10:51 AM    4   14.89    0.00   13.83    0.00    0.00    0.00    0.00    0.00    0.00   71.28
10:10:51 AM    5   16.00    0.00   14.00    0.00    0.00    0.00    0.00    0.00    0.00   70.00
10:10:51 AM    6   17.53    0.00    9.28    0.00    0.00    0.00    0.00    0.00    0.00   73.20
10:10:51 AM    7   18.18    0.00   14.14    0.00    0.00    0.00    0.00    0.00    0.00   67.68

10:10:51 AM  CPU    %usr   %nice    %sys %iowait    %irq   %soft  %steal  %guest  %gnice   %idle
10:10:52 AM  all   18.73    0.00   12.10    0.00    0.00    6.37    0.00    0.00    0.00   62.80
10:10:52 AM    0   11.34    0.00    5.15    0.00    0.00   51.55    0.00    0.00    0.00   31.96
10:10:52 AM    1   24.00    0.00   18.00    0.00    0.00    0.00    0.00    0.00    0.00   58.00
10:10:52 AM    2   26.26    0.00   20.20    0.00    0.00    0.00    0.00    0.00    0.00   53.54
10:10:52 AM    3   24.49    0.00   10.20    0.00    0.00    0.00    0.00    0.00    0.00   65.31
10:10:52 AM    4   16.49    0.00   11.34    0.00    0.00    0.00    0.00    0.00    0.00   72.16
10:10:52 AM    5   18.00    0.00   13.00    0.00    0.00    0.00    0.00    0.00    0.00   69.00
10:10:52 AM    6   14.58    0.00   10.42    0.00    0.00    0.00    0.00    0.00    0.00   75.00
10:10:52 AM    7   14.29    0.00    8.16    0.00    0.00    0.00    0.00    0.00    0.00   77.55

10:10:52 AM  CPU    %usr   %nice    %sys %iowait    %irq   %soft  %steal  %guest  %gnice   %idle
10:10:53 AM  all   17.50    0.00   12.23    0.00    0.00    6.31    0.00    0.00    0.00   63.96
10:10:53 AM    0   10.64    0.00    5.32    0.00    0.00   52.13    0.00    0.00    0.00   31.91
10:10:53 AM    1   26.04    0.00   14.58    0.00    0.00    0.00    0.00    0.00    0.00   59.38
10:10:53 AM    2   18.37    0.00   17.35    0.00    0.00    0.00    0.00    0.00    0.00   64.29
10:10:53 AM    3   21.05    0.00   12.63    0.00    0.00    0.00    0.00    0.00    0.00   66.32
10:10:53 AM    4   16.33    0.00   14.29    0.00    0.00    0.00    0.00    0.00    0.00   69.39
10:10:53 AM    5   17.00    0.00   14.00    0.00    0.00    0.00    0.00    0.00    0.00   69.00
10:10:53 AM    6   16.16    0.00   10.10    0.00    0.00    0.00    0.00    0.00    0.00   73.74
10:10:53 AM    7   14.43    0.00    9.28    0.00    0.00    0.00    0.00    0.00    0.00   76.29

10:10:53 AM  CPU    %usr   %nice    %sys %iowait    %irq   %soft  %steal  %guest  %gnice   %idle
10:10:54 AM  all   16.94    0.00   12.20    0.00    0.00    6.68    0.00    0.00    0.00   64.18
10:10:54 AM    0   10.10    0.00   11.11    0.00    0.00   52.53    0.00    0.00    0.00   26.26
10:10:54 AM    1   25.51    0.00   15.31    0.00    0.00    0.00    0.00    0.00    0.00   59.18
10:10:54 AM    2   19.59    0.00   10.31    0.00    0.00    0.00    0.00    0.00    0.00   70.10
10:10:54 AM    3   21.65    0.00   16.49    0.00    0.00    0.00    0.00    0.00    0.00   61.86
10:10:54 AM    4   15.15    0.00   13.13    0.00    0.00    0.00    0.00    0.00    0.00   71.72
10:10:54 AM    5   14.89    0.00    8.51    0.00    0.00    0.00    0.00    0.00    0.00   76.60
10:10:54 AM    6   15.62    0.00   10.42    0.00    0.00    0.00    0.00    0.00    0.00   73.96
10:10:54 AM    7   13.13    0.00   12.12    0.00    0.00    0.00    0.00    0.00    0.00   74.75

10:10:54 AM  CPU    %usr   %nice    %sys %iowait    %irq   %soft  %steal  %guest  %gnice   %idle
10:10:55 AM  all   19.35    0.00   12.13    0.00    0.00    6.84    0.00    0.00    0.00   61.68
10:10:55 AM    0    9.38    0.00    5.21    0.00    0.00   55.21    0.00    0.00    0.00   30.21
10:10:55 AM    1   23.00    0.00   17.00    0.00    0.00    0.00    0.00    0.00    0.00   60.00
10:10:55 AM    2   27.96    0.00   10.75    0.00    0.00    0.00    0.00    0.00    0.00   61.29
10:10:55 AM    3   23.16    0.00   13.68    0.00    0.00    0.00    0.00    0.00    0.00   63.16
10:10:55 AM    4   17.71    0.00   15.62    0.00    0.00    0.00    0.00    0.00    0.00   66.67
10:10:55 AM    5   17.35    0.00   13.27    0.00    0.00    0.00    0.00    0.00    0.00   69.39
10:10:55 AM    6   18.00    0.00   12.00    0.00    0.00    0.00    0.00    0.00    0.00   70.00
10:10:55 AM    7   18.56    0.00    9.28    0.00    0.00    0.00    0.00    0.00    0.00   72.16

10:10:55 AM  CPU    %usr   %nice    %sys %iowait    %irq   %soft  %steal  %guest  %gnice   %idle
10:10:56 AM  all   17.68    0.00   11.83    0.00    0.00    5.73    0.00    0.00    0.00   64.76
10:10:56 AM    0   12.50    0.00    8.33    0.00    0.00   46.88    0.00    0.00    0.00   32.29
10:10:56 AM    1   20.41    0.00   11.22    0.00    0.00    0.00    0.00    0.00    0.00   68.37
10:10:56 AM    2   25.00    0.00   13.00    0.00    0.00    0.00    0.00    0.00    0.00   62.00
10:10:56 AM    3   24.24    0.00   12.12    0.00    0.00    0.00    0.00    0.00    0.00   63.64
10:10:56 AM    4   13.40    0.00   14.43    0.00    0.00    0.00    0.00    0.00    0.00   72.16
10:10:56 AM    5   17.00    0.00   14.00    0.00    0.00    0.00    0.00    0.00    0.00   69.00
10:10:56 AM    6   14.29    0.00    9.18    0.00    0.00    0.00    0.00    0.00    0.00   76.53
10:10:56 AM    7   14.29    0.00   12.24    0.00    0.00    0.00    0.00    0.00    0.00   73.47

10:10:56 AM  CPU    %usr   %nice    %sys %iowait    %irq   %soft  %steal  %guest  %gnice   %idle
10:10:57 AM  all   17.98    0.00   11.64    0.00    0.00    5.82    0.00    0.00    0.00   64.55
10:10:57 AM    0    9.68    0.00    7.53    0.00    0.00   48.39    0.00    0.00    0.00   34.41
10:10:57 AM    1   19.79    0.00   14.58    0.00    0.00    0.00    0.00    0.00    0.00   65.62
10:10:57 AM    2   22.45    0.00   13.27    0.00    0.00    0.00    0.00    0.00    0.00   64.29
10:10:57 AM    3   25.51    0.00   16.33    0.00    0.00    0.00    0.00    0.00    0.00   58.16
10:10:57 AM    4   14.43    0.00   14.43    0.00    0.00    0.00    0.00    0.00    0.00   71.13
10:10:57 AM    5   16.67    0.00    8.33    0.00    0.00    0.00    0.00    0.00    0.00   75.00
10:10:57 AM    6   17.53    0.00    9.28    0.00    0.00    0.00    0.00    0.00    0.00   73.20
10:10:57 AM    7   17.35    0.00    9.18    0.00    0.00    0.00    0.00    0.00    0.00   73.47

10:10:57 AM  CPU    %usr   %nice    %sys %iowait    %irq   %soft  %steal  %guest  %gnice   %idle
10:10:58 AM  all   18.67    0.00   12.15    0.00    0.00    6.78    0.00    0.00    0.00   62.40
10:10:58 AM    0   11.00    0.00    7.00    0.00    0.00   53.00    0.00    0.00    0.00   29.00
10:10:58 AM    1   25.00    0.00   15.62    0.00    0.00    0.00    0.00    0.00    0.00   59.38
10:10:58 AM    2   26.80    0.00   15.46    0.00    0.00    0.00    0.00    0.00    0.00   57.73
10:10:58 AM    3   26.53    0.00   12.24    0.00    0.00    0.00    0.00    0.00    0.00   61.22
10:10:58 AM    4   16.00    0.00   11.00    0.00    0.00    0.00    0.00    0.00    0.00   73.00
10:10:58 AM    5   13.40    0.00   16.49    0.00    0.00    0.00    0.00    0.00    0.00   70.10
10:10:58 AM    6   15.79    0.00    6.32    0.00    0.00    0.00    0.00    0.00    0.00   77.89
10:10:58 AM    7   15.15    0.00   13.13    0.00    0.00    0.00    0.00    0.00    0.00   71.72

10:10:58 AM  CPU    %usr   %nice    %sys %iowait    %irq   %soft  %steal  %guest  %gnice   %idle
10:10:59 AM  all   16.07    0.00   11.18    0.00    0.00    6.17    0.00    0.00    0.00   66.58
10:10:59 AM    0   11.00    0.00   11.00    0.00    0.00   48.00    0.00    0.00    0.00   30.00
10:10:59 AM    1   22.22    0.00   13.13    0.00    0.00    0.00    0.00    0.00    0.00   64.65
10:10:59 AM    2   22.68    0.00   17.53    0.00    0.00    0.00    0.00    0.00    0.00   59.79
10:10:59 AM    3   21.65    0.00   12.37    0.00    0.00    0.00    0.00    0.00    0.00   65.98
10:10:59 AM    4   15.79    0.00    7.37    0.00    0.00    0.00    0.00    0.00    0.00   76.84
10:10:59 AM    5   11.58    0.00    9.47    0.00    0.00    0.00    0.00    0.00    0.00   78.95
10:10:59 AM    6   12.12    0.00   11.11    0.00    0.00    0.00    0.00    0.00    0.00   76.77
10:10:59 AM    7   11.46    0.00    7.29    0.00    0.00    0.00    0.00    0.00    0.00   81.25

10:10:59 AM  CPU    %usr   %nice    %sys %iowait    %irq   %soft  %steal  %guest  %gnice   %idle
10:11:00 AM  all   17.50    0.00   13.00    0.00    0.00    6.69    0.00    0.00    0.00   62.81
10:11:00 AM    0    8.33    0.00    5.21    0.00    0.00   54.17    0.00    0.00    0.00   32.29
10:11:00 AM    1   21.88    0.00   17.71    0.00    0.00    0.00    0.00    0.00    0.00   60.42
10:11:00 AM    2   19.19    0.00   20.20    0.00    0.00    0.00    0.00    0.00    0.00   60.61
10:11:00 AM    3   22.92    0.00   12.50    0.00    0.00    0.00    0.00    0.00    0.00   64.58
10:11:00 AM    4   21.43    0.00   13.27    0.00    0.00    0.00    0.00    0.00    0.00   65.31
10:11:00 AM    5   14.43    0.00   11.34    0.00    0.00    0.00    0.00    0.00    0.00   74.23
10:11:00 AM    6   18.56    0.00   13.40    0.00    0.00    0.00    0.00    0.00    0.00   68.04
10:11:00 AM    7   13.27    0.00   10.20    0.00    0.00    0.00    0.00    0.00    0.00   76.53

10:11:00 AM  CPU    %usr   %nice    %sys %iowait    %irq   %soft  %steal  %guest  %gnice   %idle
10:11:01 AM  all   19.54    0.00   12.98    0.00    0.00    6.43    0.00    0.00    0.00   61.05
10:11:01 AM    0   12.50    0.00    7.29    0.00    0.00   52.08    0.00    0.00    0.00   28.12
10:11:01 AM    1   25.00    0.00   12.50    0.00    0.00    0.00    0.00    0.00    0.00   62.50
10:11:01 AM    2   29.59    0.00   15.31    0.00    0.00    0.00    0.00    0.00    0.00   55.10
10:11:01 AM    3   21.43    0.00   19.39    0.00    0.00    0.00    0.00    0.00    0.00   59.18
10:11:01 AM    4   16.67    0.00   14.58    0.00    0.00    0.00    0.00    0.00    0.00   68.75
10:11:01 AM    5   19.00    0.00   12.00    0.00    0.00    0.00    0.00    0.00    0.00   69.00
10:11:01 AM    6   16.49    0.00   11.34    0.00    0.00    0.00    0.00    0.00    0.00   72.16
10:11:01 AM    7   15.46    0.00   11.34    0.00    0.00    0.00    0.00    0.00    0.00   73.20

10:11:01 AM  CPU    %usr   %nice    %sys %iowait    %irq   %soft  %steal  %guest  %gnice   %idle
10:11:02 AM  all   18.59    0.00   13.08    0.00    0.00    7.44    0.00    0.00    0.00   60.90
10:11:02 AM    0    9.90    0.00    5.94    0.00    0.00   57.43    0.00    0.00    0.00   26.73
10:11:02 AM    1   23.16    0.00   11.58    0.00    0.00    0.00    0.00    0.00    0.00   65.26
10:11:02 AM    2   20.00    0.00   18.95    0.00    0.00    0.00    0.00    0.00    0.00   61.05
10:11:02 AM    3   23.00    0.00   20.00    0.00    0.00    0.00    0.00    0.00    0.00   57.00
10:11:02 AM    4   17.53    0.00   15.46    0.00    0.00    0.00    0.00    0.00    0.00   67.01
10:11:02 AM    5   20.62    0.00   12.37    0.00    0.00    0.00    0.00    0.00    0.00   67.01
10:11:02 AM    6   17.71    0.00   11.46    0.00    0.00    0.00    0.00    0.00    0.00   70.83
10:11:02 AM    7   17.17    0.00    9.09    0.00    0.00    0.00    0.00    0.00    0.00   73.74

10:11:02 AM  CPU    %usr   %nice    %sys %iowait    %irq   %soft  %steal  %guest  %gnice   %idle
10:11:03 AM  all   16.48    0.00   11.75    0.00    0.00    5.75    0.00    0.00    0.00   66.03
10:11:03 AM    0   10.42    0.00    5.21    0.00    0.00   46.88    0.00    0.00    0.00   37.50
10:11:03 AM    1   20.20    0.00   14.14    0.00    0.00    0.00    0.00    0.00    0.00   65.66
10:11:03 AM    2   19.39    0.00   16.33    0.00    0.00    0.00    0.00    0.00    0.00   64.29
10:11:03 AM    3   20.41    0.00   13.27    0.00    0.00    0.00    0.00    0.00    0.00   66.33
10:11:03 AM    4   13.40    0.00   13.40    0.00    0.00    0.00    0.00    0.00    0.00   73.20
10:11:03 AM    5   17.35    0.00   11.22    0.00    0.00    0.00    0.00    0.00    0.00   71.43
10:11:03 AM    6   15.31    0.00    9.18    0.00    0.00    0.00    0.00    0.00    0.00   75.51
10:11:03 AM    7   15.15    0.00   11.11    0.00    0.00    0.00    0.00    0.00    0.00   73.74

10:11:03 AM  CPU    %usr   %nice    %sys %iowait    %irq   %soft  %steal  %guest  %gnice   %idle
10:11:04 AM  all   17.84    0.00   12.45    0.00    0.00    6.80    0.00    0.00    0.00   62.90
10:11:04 AM    0   10.31    0.00    6.19    0.00    0.00   54.64    0.00    0.00    0.00   28.87
10:11:04 AM    1   23.66    0.00   16.13    0.00    0.00    0.00    0.00    0.00    0.00   60.22
10:11:04 AM    2   22.22    0.00   18.18    0.00    0.00    0.00    0.00    0.00    0.00   59.60
10:11:04 AM    3   23.71    0.00   11.34    0.00    0.00    0.00    0.00    0.00    0.00   64.95
10:11:04 AM    4   17.53    0.00   13.40    0.00    0.00    0.00    0.00    0.00    0.00   69.07
10:11:04 AM    5   12.37    0.00    9.28    0.00    0.00    0.00    0.00    0.00    0.00   78.35
10:11:04 AM    6   17.00    0.00   13.00    0.00    0.00    0.00    0.00    0.00    0.00   70.00
10:11:04 AM    7   16.16    0.00   12.12    0.00    0.00    0.00    0.00    0.00    0.00   71.72

10:11:04 AM  CPU    %usr   %nice    %sys %iowait    %irq   %soft  %steal  %guest  %gnice   %idle
10:11:05 AM  all   16.99    0.00   11.80    0.00    0.00    5.71    0.00    0.00    0.00   65.50
10:11:05 AM    0   11.58    0.00    6.32    0.00    0.00   46.32    0.00    0.00    0.00   35.79
10:11:05 AM    1   22.45    0.00    9.18    0.00    0.00    0.00    0.00    0.00    0.00   68.37
10:11:05 AM    2   18.56    0.00   10.31    0.00    0.00    0.00    0.00    0.00    0.00   71.13
10:11:05 AM    3   18.75    0.00   14.58    0.00    0.00    0.00    0.00    0.00    0.00   66.67
10:11:05 AM    4   18.56    0.00   12.37    0.00    0.00    0.00    0.00    0.00    0.00   69.07
10:11:05 AM    5   14.89    0.00   12.77    0.00    0.00    0.00    0.00    0.00    0.00   72.34
10:11:05 AM    6   14.43    0.00   14.43    0.00    0.00    0.00    0.00    0.00    0.00   71.13
10:11:05 AM    7   16.49    0.00   14.43    0.00    0.00    0.00    0.00    0.00    0.00   69.07

10:11:05 AM  CPU    %usr   %nice    %sys %iowait    %irq   %soft  %steal  %guest  %gnice   %idle
10:11:06 AM  all   18.08    0.00   13.27    0.00    0.00    6.70    0.00    0.00    0.00   61.95
10:11:06 AM    0   10.20    0.00    8.16    0.00    0.00   54.08    0.00    0.00    0.00   27.55
10:11:06 AM    1   22.92    0.00   14.58    0.00    0.00    0.00    0.00    0.00    0.00   62.50
10:11:06 AM    2   26.04    0.00   12.50    0.00    0.00    0.00    0.00    0.00    0.00   61.46
10:11:06 AM    3   23.30    0.00   14.56    0.00    0.00    0.00    0.00    0.00    0.00   62.14
10:11:06 AM    4   15.84    0.00   14.85    0.00    0.00    0.00    0.00    0.00    0.00   69.31
10:11:06 AM    5   19.80    0.00   12.87    0.00    0.00    0.00    0.00    0.00    0.00   67.33
10:11:06 AM    6   14.29    0.00   14.29    0.00    0.00    0.00    0.00    0.00    0.00   71.43
10:11:06 AM    7   12.24    0.00   14.29    0.00    0.00    0.00    0.00    0.00    0.00   73.47

10:11:06 AM  CPU    %usr   %nice    %sys %iowait    %irq   %soft  %steal  %guest  %gnice   %idle
10:11:07 AM  all   17.88    0.00   11.53    0.00    0.00    5.83    0.00    0.00    0.00   64.77
10:11:07 AM    0   14.89    0.00    9.57    0.00    0.00   47.87    0.00    0.00    0.00   27.66
10:11:07 AM    1   23.47    0.00   15.31    0.00    0.00    0.00    0.00    0.00    0.00   61.22
10:11:07 AM    2   19.59    0.00   16.49    0.00    0.00    0.00    0.00    0.00    0.00   63.92
10:11:07 AM    3   22.92    0.00   11.46    0.00    0.00    0.00    0.00    0.00    0.00   65.62
10:11:07 AM    4   14.58    0.00   11.46    0.00    0.00    0.00    0.00    0.00    0.00   73.96
10:11:07 AM    5   16.49    0.00   10.31    0.00    0.00    0.00    0.00    0.00    0.00   73.20
10:11:07 AM    6   17.35    0.00    8.16    0.00    0.00    0.00    0.00    0.00    0.00   74.49
10:11:07 AM    7   13.54    0.00    9.38    0.00    0.00    0.00    0.00    0.00    0.00   77.08

10:11:07 AM  CPU    %usr   %nice    %sys %iowait    %irq   %soft  %steal  %guest  %gnice   %idle
10:11:08 AM  all   17.96    0.00   12.61    0.00    0.00    5.99    0.00    0.00    0.00   63.44
10:11:08 AM    0   13.13    0.00   12.12    0.00    0.00   47.47    0.00    0.00    0.00   27.27
10:11:08 AM    1   20.62    0.00   14.43    0.00    0.00    0.00    0.00    0.00    0.00   64.95
10:11:08 AM    2   25.77    0.00   13.40    0.00    0.00    0.00    0.00    0.00    0.00   60.82
10:11:08 AM    3   22.00    0.00   13.00    0.00    0.00    0.00    0.00    0.00    0.00   65.00
10:11:08 AM    4   11.58    0.00   11.58    0.00    0.00    0.00    0.00    0.00    0.00   76.84
10:11:08 AM    5   17.17    0.00   16.16    0.00    0.00    0.00    0.00    0.00    0.00   66.67
10:11:08 AM    6   18.00    0.00    9.00    0.00    0.00    0.00    0.00    0.00    0.00   73.00
10:11:08 AM    7   15.31    0.00   11.22    0.00    0.00    0.00    0.00    0.00    0.00   73.47

10:11:08 AM  CPU    %usr   %nice    %sys %iowait    %irq   %soft  %steal  %guest  %gnice   %idle
10:11:09 AM  all   17.44    0.00   11.67    0.00    0.00    5.90    0.00    0.00    0.00   65.00
10:11:09 AM    0   12.37    0.00   10.31    0.00    0.00   47.42    0.00    0.00    0.00   29.90
10:11:09 AM    1   22.45    0.00   13.27    0.00    0.00    0.00    0.00    0.00    0.00   64.29
10:11:09 AM    2   21.21    0.00   12.12    0.00    0.00    0.00    0.00    0.00    0.00   66.67
10:11:09 AM    3   23.47    0.00   17.35    0.00    0.00    0.00    0.00    0.00    0.00   59.18
10:11:09 AM    4   12.63    0.00   11.58    0.00    0.00    0.00    0.00    0.00    0.00   75.79
10:11:09 AM    5   14.29    0.00   10.20    0.00    0.00    0.00    0.00    0.00    0.00   75.51
10:11:09 AM    6   19.59    0.00    8.25    0.00    0.00    0.00    0.00    0.00    0.00   72.16
10:11:09 AM    7   13.27    0.00   10.20    0.00    0.00    0.00    0.00    0.00    0.00   76.53

10:11:09 AM  CPU    %usr   %nice    %sys %iowait    %irq   %soft  %steal  %guest  %gnice   %idle
10:11:10 AM  all   17.99    0.00   11.60    0.00    0.00    6.52    0.00    0.00    0.00   63.89
10:11:10 AM    0   10.31    0.00    5.15    0.00    0.00   51.55    0.00    0.00    0.00   32.99
10:11:10 AM    1   19.35    0.00   13.98    0.00    0.00    0.00    0.00    0.00    0.00   66.67
10:11:10 AM    2   19.59    0.00   12.37    0.00    0.00    0.00    0.00    0.00    0.00   68.04
10:11:10 AM    3   21.65    0.00   12.37    0.00    0.00    0.00    0.00    0.00    0.00   65.98
10:11:10 AM    4   17.89    0.00    9.47    0.00    0.00    0.00    0.00    0.00    0.00   72.63
10:11:10 AM    5   20.83    0.00   13.54    0.00    0.00    0.00    0.00    0.00    0.00   65.62
10:11:10 AM    6   18.95    0.00   11.58    0.00    0.00    0.00    0.00    0.00    0.00   69.47
10:11:10 AM    7   15.46    0.00   14.43    0.00    0.00    0.00    0.00    0.00    0.00   70.10

10:11:10 AM  CPU    %usr   %nice    %sys %iowait    %irq   %soft  %steal  %guest  %gnice   %idle
10:11:11 AM  all   20.05    0.00   12.68    0.00    0.00    6.08    0.00    0.00    0.00   61.19
10:11:11 AM    0   11.70    0.00    7.45    0.00    0.00   50.00    0.00    0.00    0.00   30.85
10:11:11 AM    1   27.08    0.00   10.42    0.00    0.00    0.00    0.00    0.00    0.00   62.50
10:11:11 AM    2   25.25    0.00   18.18    0.00    0.00    0.00    0.00    0.00    0.00   56.57
10:11:11 AM    3   26.26    0.00   12.12    0.00    0.00    0.00    0.00    0.00    0.00   61.62
10:11:11 AM    4   17.71    0.00   15.62    0.00    0.00    0.00    0.00    0.00    0.00   66.67
10:11:11 AM    5   20.62    0.00   13.40    0.00    0.00    0.00    0.00    0.00    0.00   65.98
10:11:11 AM    6   16.67    0.00   11.46    0.00    0.00    0.00    0.00    0.00    0.00   71.88
10:11:11 AM    7   14.58    0.00   12.50    0.00    0.00    0.00    0.00    0.00    0.00   72.92

10:11:11 AM  CPU    %usr   %nice    %sys %iowait    %irq   %soft  %steal  %guest  %gnice   %idle
10:11:12 AM  all   17.16    0.00   12.00    0.00    0.00    6.58    0.00    0.00    0.00   64.26
10:11:12 AM    0    7.29    0.00    8.33    0.00    0.00   53.12    0.00    0.00    0.00   31.25
10:11:12 AM    1   24.75    0.00   14.85    0.00    0.00    0.00    0.00    0.00    0.00   60.40
10:11:12 AM    2   18.37    0.00   15.31    0.00    0.00    0.00    0.00    0.00    0.00   66.33
10:11:12 AM    3   23.40    0.00   15.96    0.00    0.00    0.00    0.00    0.00    0.00   60.64
10:11:12 AM    4   16.67    0.00    9.38    0.00    0.00    0.00    0.00    0.00    0.00   73.96
10:11:12 AM    5   15.46    0.00   10.31    0.00    0.00    0.00    0.00    0.00    0.00   74.23
10:11:12 AM    6   16.49    0.00   13.40    0.00    0.00    0.00    0.00    0.00    0.00   70.10
10:11:12 AM    7   14.58    0.00    8.33    0.00    0.00    0.00    0.00    0.00    0.00   77.08

10:11:12 AM  CPU    %usr   %nice    %sys %iowait    %irq   %soft  %steal  %guest  %gnice   %idle
10:11:13 AM  all   17.55    0.00   12.26    0.00    0.00    5.94    0.00    0.00    0.00   64.26
10:11:13 AM    0   12.37    0.00    8.25    0.00    0.00   47.42    0.00    0.00    0.00   31.96
10:11:13 AM    1   22.22    0.00   14.14    0.00    0.00    0.00    0.00    0.00    0.00   63.64
10:11:13 AM    2   20.62    0.00   12.37    0.00    0.00    0.00    0.00    0.00    0.00   67.01
10:11:13 AM    3   19.59    0.00   21.65    0.00    0.00    0.00    0.00    0.00    0.00   58.76
10:11:13 AM    4   19.39    0.00    9.18    0.00    0.00    0.00    0.00    0.00    0.00   71.43
10:11:13 AM    5   15.46    0.00   12.37    0.00    0.00    0.00    0.00    0.00    0.00   72.16
10:11:13 AM    6   17.20    0.00    6.45    0.00    0.00    0.00    0.00    0.00    0.00   76.34
10:11:13 AM    7   13.40    0.00   13.40    0.00    0.00    0.00    0.00    0.00    0.00   73.20

10:11:13 AM  CPU    %usr   %nice    %sys %iowait    %irq   %soft  %steal  %guest  %gnice   %idle
10:11:14 AM  all   17.79    0.00   12.83    0.00    0.00    6.61    0.00    0.00    0.00   62.77
10:11:14 AM    0   14.14    0.00    7.07    0.00    0.00   52.53    0.00    0.00    0.00   26.26
10:11:14 AM    1   21.43    0.00   15.31    0.00    0.00    0.00    0.00    0.00    0.00   63.27
10:11:14 AM    2   22.68    0.00   17.53    0.00    0.00    0.00    0.00    0.00    0.00   59.79
10:11:14 AM    3   24.24    0.00   14.14    0.00    0.00    0.00    0.00    0.00    0.00   61.62
10:11:14 AM    4   14.43    0.00   15.46    0.00    0.00    0.00    0.00    0.00    0.00   70.10
10:11:14 AM    5   15.00    0.00   13.00    0.00    0.00    0.00    0.00    0.00    0.00   72.00
10:11:14 AM    6   17.17    0.00   10.10    0.00    0.00    0.00    0.00    0.00    0.00   72.73
10:11:14 AM    7   13.27    0.00   10.20    0.00    0.00    0.00    0.00    0.00    0.00   76.53

10:11:14 AM  CPU    %usr   %nice    %sys %iowait    %irq   %soft  %steal  %guest  %gnice   %idle
10:11:15 AM  all   18.77    0.00   12.72    0.00    0.00    7.58    0.00    0.00    0.00   60.93
10:11:15 AM    0    6.80    0.00    6.80    0.00    0.00   57.28    0.00    0.00    0.00   29.13
10:11:15 AM    1   25.00    0.00   19.79    0.00    0.00    0.00    0.00    0.00    0.00   55.21
10:11:15 AM    2   23.96    0.00   21.88    0.00    0.00    0.00    0.00    0.00    0.00   54.17
10:11:15 AM    3   23.40    0.00   13.83    0.00    0.00    0.00    0.00    0.00    0.00   62.77
10:11:15 AM    4   19.39    0.00   12.24    0.00    0.00    0.00    0.00    0.00    0.00   68.37
10:11:15 AM    5   17.82    0.00   10.89    0.00    0.00    0.00    0.00    0.00    0.00   71.29
10:11:15 AM    6   21.05    0.00    8.42    0.00    0.00    0.00    0.00    0.00    0.00   70.53
10:11:15 AM    7   13.68    0.00    8.42    0.00    0.00    0.00    0.00    0.00    0.00   77.89

10:11:15 AM  CPU    %usr   %nice    %sys %iowait    %irq   %soft  %steal  %guest  %gnice   %idle
10:11:16 AM  all   18.36    0.00   12.58    0.00    0.00    6.93    0.00    0.00    0.00   62.13
10:11:16 AM    0   11.11    0.00    6.06    0.00    0.00   54.55    0.00    0.00    0.00   28.28
10:11:16 AM    1   26.73    0.00   12.87    0.00    0.00    0.00    0.00    0.00    0.00   60.40
10:11:16 AM    2   22.11    0.00   11.58    0.00    0.00    0.00    0.00    0.00    0.00   66.32
10:11:16 AM    3   20.62    0.00   13.40    0.00    0.00    0.00    0.00    0.00    0.00   65.98
10:11:16 AM    4   17.53    0.00   17.53    0.00    0.00    0.00    0.00    0.00    0.00   64.95
10:11:16 AM    5   15.62    0.00   15.62    0.00    0.00    0.00    0.00    0.00    0.00   68.75
10:11:16 AM    6   18.95    0.00   11.58    0.00    0.00    0.00    0.00    0.00    0.00   69.47
10:11:16 AM    7   14.14    0.00   12.12    0.00    0.00    0.00    0.00    0.00    0.00   73.74

Average:     CPU    %usr   %nice    %sys %iowait    %irq   %soft  %steal  %guest  %gnice   %idle
Average:     all   17.89    0.00   12.24    0.00    0.00    6.34    0.00    0.00    0.00   63.52
Average:       0   10.97    0.00    7.52    0.00    0.00   50.84    0.00    0.00    0.00   30.67
Average:       1   22.99    0.00   14.76    0.00    0.00    0.00    0.00    0.00    0.00   62.24
Average:       2   22.08    0.00   14.68    0.00    0.00    0.00    0.00    0.00    0.00   63.24
Average:       3   22.22    0.00   14.29    0.00    0.00    0.00    0.00    0.00    0.00   63.49
Average:       4   16.53    0.00   13.00    0.00    0.00    0.00    0.00    0.00    0.00   70.47
Average:       5   16.72    0.00   12.03    0.03    0.00    0.00    0.00    0.00    0.00   71.22
Average:       6   16.59    0.00   10.71    0.00    0.00    0.00    0.00    0.00    0.00   72.69
Average:       7   15.04    0.00   10.95    0.00    0.00    0.00    0.00    0.00    0.00   74.01
